 0.0  0.1   49  100  60.77  -0.35   0.35   7.4  -0.3   0.3  94.05  -6.87   3.77  12.7  -2.6   4.8 163.78  -9.83   6.70  17.8  -4.2   8.8
 0.0  0.1  100  200  61.58  -0.19   0.19   7.4  -0.2   0.2  84.69  -2.85   3.17  18.7  -1.5   1.5 162.37  -1.48   1.45  12.7  -1.0   1.2
 0.0  0.1  200  300  -1.00  -1.00  -1.00   3.0   0.0   0.0  61.64  -0.50   0.50   8.4  -0.3   0.4 131.43  -2.03   1.97  12.1  -1.3   1.7
 0.0  0.1  300  400  -1.00  -1.00  -1.00   3.0   0.0   0.0  59.49  -0.74   0.74   8.3  -0.5   0.6 123.14  -9.83   5.31  15.1  -3.5   7.4
 0.0  0.1  400  500  -1.00  -1.00  -1.00   3.0   0.0   0.0  58.25  -0.71   0.71   8.8  -0.5   0.5 105.89  -6.96   2.18   5.3   0.0   3.9
 0.0  0.1  500  600  -1.00  -1.00  -1.00   3.0   0.0   0.0  57.44  -0.59   0.59   7.2  -0.4   0.5  81.45   0.00   0.00  20.6  -8.5  21.4
 0.0  0.1  600  700  -1.00  -1.00  -1.00   3.0   0.0   0.0  56.56  -1.82   3.32   7.1  -1.1   1.6  66.28  -2.25   2.36  12.8  -1.4   1.7
 0.0  0.1  700  800  -1.00  -1.00  -1.00  -1.0  -1.0  -1.0  60.18  -0.52   0.53   6.8  -0.4   0.4  -1.00  -1.00  -1.00  -1.0  -1.0  -1.0
 0.0  0.1  800  900  -1.00  -1.00  -1.00  -1.0  -1.0  -1.0  59.50  -0.53   0.54   6.9  -0.4   0.4  -1.00  -1.00  -1.00  -1.0  -1.0  -1.0
 0.0  0.1  900 1000  -1.00  -1.00  -1.00  -1.0  -1.0  -1.0  59.80  -0.49   0.49   6.8  -0.3   0.4  -1.00  -1.00  -1.00  -1.0  -1.0  -1.0
 0.0  0.1 1000 1100  -1.00  -1.00  -1.00  -1.0  -1.0  -1.0  61.65  -0.40   0.41   6.4  -0.3   0.3  -1.00  -1.00  -1.00  -1.0  -1.0  -1.0
 0.0  0.1 1100 1200  -1.00  -1.00  -1.00  -1.0  -1.0  -1.0  61.38  -0.43   0.43   6.7  -0.3   0.3  -1.00  -1.00  -1.00  -1.0  -1.0  -1.0
 0.0  0.1 1200 1300  -1.00  -1.00  -1.00  -1.0  -1.0  -1.0  61.86  -0.45   0.45   6.8  -0.3   0.4  -1.00  -1.00  -1.00  -1.0  -1.0  -1.0
 0.0  0.1 1300 1400  -1.00  -1.00  -1.00  -1.0  -1.0  -1.0  62.86  -0.39   0.40   6.2  -0.3   0.3  -1.00  -1.00  -1.00  -1.0  -1.0  -1.0
 0.0  0.1 1400 1500  -1.00  -1.00  -1.00  -1.0  -1.0  -1.0  62.79  -0.47   0.47   6.5  -0.3   0.4  -1.00  -1.00  -1.00  -1.0  -1.0  -1.0
 0.1  0.2   48  100  48.35  -0.19   0.19   7.9  -0.2   0.1  93.12  -9.55   3.59  17.8  -2.6   6.3 188.51  -3.89   3.57  17.2  -2.4   3.5
 0.1  0.2  100  200  48.52  -0.11   0.11   7.6  -0.1   0.1  74.29  -1.36   1.44  19.9  -0.7   0.7 176.02  -1.42   1.40  20.9  -1.1   1.3
 0.1  0.2  200  300  -1.00  -1.00  -1.00   3.0   0.0   0.0  48.83  -0.28   0.28   8.6  -0.2   0.2 140.74  -2.89   2.89  23.7  -2.1   2.6
 0.1  0.2  300  400  -1.00  -1.00  -1.00   3.0   0.0   0.0  45.46  -0.34   0.34   7.2  -0.2   0.3 119.31  -7.96   4.82  19.2  -3.4   5.7
 0.1  0.2  400  500  -1.00  -1.00  -1.00   3.0   0.0   0.0  44.75  -0.34   0.34   7.2  -0.2   0.3 101.70 -13.03   5.98  17.6  -4.1   8.6
 0.1  0.2  500  600  -1.00  -1.00  -1.00   3.0   0.0   0.0  45.32  -0.35   0.35   7.5  -0.2   0.3  82.00  -4.52   2.58   9.1  -1.8   3.2
 0.1  0.2  600  700  -1.00  -1.00  -1.00   3.0   0.0   0.0  43.44  -0.52   0.60   6.1  -0.4   0.4  57.86  -1.62   1.64  13.0  -1.0   1.1
 0.1  0.2  700  800  -1.00  -1.00  -1.00  -1.0  -1.0  -1.0  46.32  -0.34   0.34   7.4  -0.2   0.3  -1.00  -1.00  -1.00  -1.0  -1.0  -1.0
 0.1  0.2  800  900  -1.00  -1.00  -1.00  -1.0  -1.0  -1.0  47.32  -0.33   0.33   7.4  -0.2   0.2  -1.00  -1.00  -1.00  -1.0  -1.0  -1.0
 0.1  0.2  900 1000  -1.00  -1.00  -1.00  -1.0  -1.0  -1.0  47.80  -0.31   0.31   7.8  -0.2   0.2  -1.00  -1.00  -1.00  -1.0  -1.0  -1.0
 0.1  0.2 1000 1100  -1.00  -1.00  -1.00  -1.0  -1.0  -1.0  48.87  -0.30   0.30   7.7  -0.2   0.2  -1.00  -1.00  -1.00  -1.0  -1.0  -1.0
 0.1  0.2 1100 1200  -1.00  -1.00  -1.00  -1.0  -1.0  -1.0  49.14  -0.27   0.28   7.6  -0.2   0.2  -1.00  -1.00  -1.00  -1.0  -1.0  -1.0
 0.1  0.2 1200 1300  -1.00  -1.00  -1.00  -1.0  -1.0  -1.0  49.68  -0.26   0.26   7.6  -0.2   0.2  -1.00  -1.00  -1.00  -1.0  -1.0  -1.0
 0.1  0.2 1300 1400  -1.00  -1.00  -1.00  -1.0  -1.0  -1.0  49.36  -0.26   0.26   7.4  -0.2   0.2  -1.00  -1.00  -1.00  -1.0  -1.0  -1.0
 0.1  0.2 1400 1500  -1.00  -1.00  -1.00  -1.0  -1.0  -1.0  49.41  -0.28   0.28   7.3  -0.2   0.2  -1.00  -1.00  -1.00  -1.0  -1.0  -1.0
 0.2  0.3   48  100  37.23  -0.10   0.10   6.3  -0.1   0.1  78.85  -3.18   3.07  26.4  -1.9   2.0 205.27  -3.46   3.67  20.8  -2.5   3.5
 0.2  0.3  100  200  37.10  -0.06   0.06   6.0  -0.0   0.0  62.66  -1.10   1.11  20.5  -0.6   0.6 185.17  -1.78   1.87  28.0  -1.8   2.1
 0.2  0.3  200  300  -1.00  -1.00  -1.00   3.0   0.0   0.0  37.21  -0.17   0.17   6.9  -0.1   0.1 137.02  -2.06   2.04  23.5  -1.5   1.8
 0.2  0.3  300  400  -1.00  -1.00  -1.00   3.0   0.0   0.0  34.81  -0.21   0.21   6.1  -0.1   0.1  95.97  -6.01   4.14  23.2  -3.0   4.2
 0.2  0.3  400  500  -1.00  -1.00  -1.00   3.0   0.0   0.0  33.87  -0.19   0.19   5.6  -0.1   0.1  77.21  -5.80   3.42  16.1  -2.6   4.4
 0.2  0.3  500  600  -1.00  -1.00  -1.00   3.0   0.0   0.0  33.41  -0.30   0.33   5.4  -0.2   0.2  70.34  -3.71   2.48  13.2  -1.9   3.1
 0.2  0.3  600  700  -1.00  -1.00  -1.00   3.0   0.0   0.0  33.63  -0.26   0.29   5.1  -0.2   0.2  57.16  -2.18   2.04  10.4  -1.3   1.6
 0.2  0.3  700  800  -1.00  -1.00  -1.00  -1.0  -1.0  -1.0  34.91  -0.20   0.20   6.2  -0.1   0.1  -1.00  -1.00  -1.00  -1.0  -1.0  -1.0
 0.2  0.3  800  900  -1.00  -1.00  -1.00  -1.0  -1.0  -1.0  35.55  -0.19   0.19   5.9  -0.1   0.1  -1.00  -1.00  -1.00  -1.0  -1.0  -1.0
 0.2  0.3  900 1000  -1.00  -1.00  -1.00  -1.0  -1.0  -1.0  35.63  -0.16   0.16   5.5  -0.1   0.1  -1.00  -1.00  -1.00  -1.0  -1.0  -1.0
 0.2  0.3 1000 1100  -1.00  -1.00  -1.00  -1.0  -1.0  -1.0  35.93  -0.14   0.14   5.2  -0.1   0.1  -1.00  -1.00  -1.00  -1.0  -1.0  -1.0
 0.2  0.3 1100 1200  -1.00  -1.00  -1.00  -1.0  -1.0  -1.0  36.20  -0.12   0.12   4.9  -0.1   0.1  -1.00  -1.00  -1.00  -1.0  -1.0  -1.0
 0.2  0.3 1200 1300  -1.00  -1.00  -1.00  -1.0  -1.0  -1.0  36.38  -0.12   0.12   5.0  -0.1   0.1  -1.00  -1.00  -1.00  -1.0  -1.0  -1.0
 0.2  0.3 1300 1400  -1.00  -1.00  -1.00  -1.0  -1.0  -1.0  36.99  -0.12   0.12   5.1  -0.1   0.1  -1.00  -1.00  -1.00  -1.0  -1.0  -1.0
 0.2  0.3 1400 1500  -1.00  -1.00  -1.00  -1.0  -1.0  -1.0  36.78  -0.12   0.12   4.9  -0.1   0.1  -1.00  -1.00  -1.00  -1.0  -1.0  -1.0
 0.3  0.4   48  100  31.54  -0.07   0.07   5.5  -0.0   0.0  75.36  -2.38   2.29  27.8  -1.5   1.6 220.52  -7.10   0.00  34.9  -6.2  11.7
 0.3  0.4  100  200  31.37  -0.04   0.04   5.2  -0.0   0.0  57.38  -0.83   0.84  21.2  -0.4   0.5 199.85  -2.11   2.49  27.6  -1.7   2.1
 0.3  0.4  200  300  -1.00  -1.00  -1.00   3.0   0.0   0.0  31.26  -0.11   0.11   6.1  -0.1   0.1 142.26  -2.70   2.76  31.3  -2.5   3.1
 0.3  0.4  300  400  -1.00  -1.00  -1.00   3.0   0.0   0.0  28.83  -0.14   0.14   5.6  -0.1   0.1 103.52  -3.59   2.96  22.3  -2.2   2.9
 0.3  0.4  400  500  -1.00  -1.00  -1.00   3.0   0.0   0.0  27.92  -0.13   0.13   4.8  -0.1   0.1  83.53  -1.90   1.82  14.4  -1.3   1.6
 0.3  0.4  500  600  -1.00  -1.00  -1.00   3.0   0.0   0.0  28.02  -0.13   0.13   4.9  -0.1   0.1  68.37  -2.63   2.06  12.0  -1.6   2.5
 0.3  0.4  600  700  -1.00  -1.00  -1.00  -1.0  -1.0  -1.0  28.96  -0.16   0.16   6.1  -0.1   0.1  -1.00  -1.00  -1.00  -1.0  -1.0  -1.0
 0.3  0.4  700  800  -1.00  -1.00  -1.00  -1.0  -1.0  -1.0  29.24  -0.13   0.13   5.3  -0.1   0.1  -1.00  -1.00  -1.00  -1.0  -1.0  -1.0
 0.3  0.4  800  900  -1.00  -1.00  -1.00  -1.0  -1.0  -1.0  29.38  -0.12   0.11   4.9  -0.1   0.1  -1.00  -1.00  -1.00  -1.0  -1.0  -1.0
 0.3  0.4  900 1000  -1.00  -1.00  -1.00  -1.0  -1.0  -1.0  29.77  -0.09   0.09   4.4  -0.1   0.1  -1.00  -1.00  -1.00  -1.0  -1.0  -1.0
 0.3  0.4 1000 1100  -1.00  -1.00  -1.00  -1.0  -1.0  -1.0  30.27  -0.08   0.08   4.2  -0.1   0.1  -1.00  -1.00  -1.00  -1.0  -1.0  -1.0
 0.3  0.4 1100 1200  -1.00  -1.00  -1.00  -1.0  -1.0  -1.0  30.54  -0.07   0.07   4.1  -0.1   0.1  -1.00  -1.00  -1.00  -1.0  -1.0  -1.0
 0.3  0.4 1200 1300  -1.00  -1.00  -1.00  -1.0  -1.0  -1.0  30.85  -0.07   0.07   4.0  -0.0   0.0  -1.00  -1.00  -1.00  -1.0  -1.0  -1.0
 0.3  0.4 1300 1400  -1.00  -1.00  -1.00  -1.0  -1.0  -1.0  30.89  -0.07   0.07   3.8  -0.0   0.0  -1.00  -1.00  -1.00  -1.0  -1.0  -1.0
 0.3  0.4 1400 1500  -1.00  -1.00  -1.00  -1.0  -1.0  -1.0  30.99  -0.07   0.07   3.9  -0.0   0.1  -1.00  -1.00  -1.00  -1.0  -1.0  -1.0
 0.4  0.5   48  100  29.40  -0.06   0.06   5.6  -0.0   0.0  74.77  -2.32   2.24  31.2  -1.4   1.5 243.16  -5.43   4.38  27.2  -3.3   4.4
 0.4  0.5  100  200  29.50  -0.03   0.03   5.3  -0.0   0.0  55.14  -0.77   0.77  23.8  -0.4   0.4 220.81  -1.50   1.47  33.8  -1.1   1.2
 0.4  0.5  200  300  -1.00  -1.00  -1.00   3.0   0.0   0.0  29.44  -0.09   0.09   6.1  -0.1   0.1 151.84  -2.67   2.99  31.8  -2.4   3.0
 0.4  0.5  300  400  -1.00  -1.00  -1.00   3.0   0.0   0.0  27.31  -0.11   0.11   5.4  -0.1   0.1 108.19  -3.59   3.01  25.3  -2.4   3.1
 0.4  0.5  400  500  -1.00  -1.00  -1.00   3.0   0.0   0.0  26.55  -0.11   0.11   5.0  -0.1   0.1  78.28  -7.11   4.88  27.4  -3.4   4.8
 0.4  0.5  500  600  -1.00  -1.00  -1.00   3.0   0.0   0.0  26.72  -0.10   0.10   4.9  -0.1   0.1  71.58  -5.48   3.32  14.0  -2.4   3.8
 0.4  0.5  600  700  -1.00  -1.00  -1.00  -1.0  -1.0  -1.0  27.11  -0.10   0.10   4.8  -0.1   0.1  -1.00  -1.00  -1.00  -1.0  -1.0  -1.0
 0.4  0.5  700  800  -1.00  -1.00  -1.00  -1.0  -1.0  -1.0  27.70  -0.09   0.09   4.9  -0.1   0.1  -1.00  -1.00  -1.00  -1.0  -1.0  -1.0
 0.4  0.5  800  900  -1.00  -1.00  -1.00  -1.0  -1.0  -1.0  28.03  -0.09   0.09   4.9  -0.1   0.1  -1.00  -1.00  -1.00  -1.0  -1.0  -1.0
 0.4  0.5  900 1000  -1.00  -1.00  -1.00  -1.0  -1.0  -1.0  28.38  -0.07   0.07   4.3  -0.1   0.1  -1.00  -1.00  -1.00  -1.0  -1.0  -1.0
 0.4  0.5 1000 1100  -1.00  -1.00  -1.00  -1.0  -1.0  -1.0  28.69  -0.06   0.06   4.1  -0.0   0.0  -1.00  -1.00  -1.00  -1.0  -1.0  -1.0
 0.4  0.5 1100 1200  -1.00  -1.00  -1.00  -1.0  -1.0  -1.0  28.95  -0.05   0.05   3.9  -0.0   0.0  -1.00  -1.00  -1.00  -1.0  -1.0  -1.0
 0.4  0.5 1200 1300  -1.00  -1.00  -1.00  -1.0  -1.0  -1.0  29.20  -0.05   0.05   3.8  -0.0   0.0  -1.00  -1.00  -1.00  -1.0  -1.0  -1.0
 0.4  0.5 1300 1400  -1.00  -1.00  -1.00  -1.0  -1.0  -1.0  29.31  -0.05   0.05   3.8  -0.0   0.0  -1.00  -1.00  -1.00  -1.0  -1.0  -1.0
 0.4  0.5 1400 1500  -1.00  -1.00  -1.00  -1.0  -1.0  -1.0  29.47  -0.05   0.05   3.9  -0.0   0.0  -1.00  -1.00  -1.00  -1.0  -1.0  -1.0
 0.5  0.6   48  100  27.52  -0.05   0.05   5.6  -0.0   0.0  71.62  -2.18   2.10  32.9  -1.3   1.4 254.64  -4.71   4.19  30.3  -3.2   4.1
 0.5  0.6  100  200  27.53  -0.03   0.03   5.2  -0.0   0.0  52.69  -0.68   0.69  23.8  -0.4   0.4 229.87  -1.59   1.58  38.4  -1.2   1.3
 0.5  0.6  200  300  26.92  -0.07   0.07   5.0  -0.1   0.1  36.39  -1.51   1.74  15.3  -1.0   1.2 169.73  -7.22  12.29  46.9  -6.2   9.8
 0.5  0.6  300  400  -1.00  -1.00  -1.00   3.0   0.0   0.0  25.50  -0.08   0.08   5.0  -0.1   0.1 109.89  -4.04   3.35  28.8  -2.8   3.8
 0.5  0.6  400  500  -1.00  -1.00  -1.00   3.0   0.0   0.0  24.69  -0.09   0.09   5.1  -0.1   0.1  82.99  -4.53   3.51  24.5  -2.8   3.9
 0.5  0.6  500  600  -1.00  -1.00  -1.00   3.0   0.0   0.0  24.64  -0.09   0.09   5.0  -0.1   0.1  67.54 -10.93   5.18  18.5  -3.3   5.9
 0.5  0.6  600  700  -1.00  -1.00  -1.00  -1.0  -1.0  -1.0  25.04  -0.09   0.09   4.9  -0.1   0.1  -1.00  -1.00  -1.00  -1.0  -1.0  -1.0
 0.5  0.6  700  800  -1.00  -1.00  -1.00  -1.0  -1.0  -1.0  25.66  -0.08   0.08   5.1  -0.1   0.1  -1.00  -1.00  -1.00  -1.0  -1.0  -1.0
 0.5  0.6  800  900  -1.00  -1.00  -1.00  -1.0  -1.0  -1.0  26.04  -0.07   0.07   4.8  -0.0   0.1  -1.00  -1.00  -1.00  -1.0  -1.0  -1.0
 0.5  0.6  900 1000  -1.00  -1.00  -1.00  -1.0  -1.0  -1.0  26.39  -0.06   0.06   4.4  -0.0   0.0  -1.00  -1.00  -1.00  -1.0  -1.0  -1.0
 0.5  0.6 1000 1100  -1.00  -1.00  -1.00  -1.0  -1.0  -1.0  26.76  -0.05   0.05   4.1  -0.0   0.0  -1.00  -1.00  -1.00  -1.0  -1.0  -1.0
 0.5  0.6 1100 1200  -1.00  -1.00  -1.00  -1.0  -1.0  -1.0  26.98  -0.05   0.05   4.0  -0.0   0.0  -1.00  -1.00  -1.00  -1.0  -1.0  -1.0
 0.5  0.6 1200 1300  -1.00  -1.00  -1.00  -1.0  -1.0  -1.0  27.17  -0.04   0.04   3.9  -0.0   0.0  -1.00  -1.00  -1.00  -1.0  -1.0  -1.0
 0.5  0.6 1300 1400  -1.00  -1.00  -1.00  -1.0  -1.0  -1.0  27.39  -0.04   0.04   3.9  -0.0   0.0  -1.00  -1.00  -1.00  -1.0  -1.0  -1.0
 0.5  0.6 1400 1500  -1.00  -1.00  -1.00  -1.0  -1.0  -1.0  27.45  -0.04   0.04   3.8  -0.0   0.0  -1.00  -1.00  -1.00  -1.0  -1.0  -1.0
 0.6  0.7   48  100  25.48  -0.05   0.05   5.4  -0.0   0.0  65.32  -2.19   2.11  34.8  -1.3   1.4 253.93  -6.92   5.39  37.9  -4.4   6.4
 0.6  0.7  100  200  25.41  -0.03   0.03   5.0  -0.0   0.0  49.29  -0.59   0.60  23.8  -0.3   0.3 228.83  -1.73   1.71  40.5  -1.3   1.4
 0.6  0.7  200  300  24.79  -0.06   0.06   4.8  -0.1   0.1  35.32  -1.40   1.57  14.3  -0.7   0.8 169.06  -6.78  10.98  45.2  -5.7   8.8
 0.6  0.7  300  400  -1.00  -1.00  -1.00   3.0   0.0   0.0  23.48  -0.07   0.07   4.8  -0.0   0.0 114.89  -4.30   3.59  31.2  -3.3   4.7
 0.6  0.7  400  500  -1.00  -1.00  -1.00   3.0   0.0   0.0  22.79  -0.07   0.07   4.7  -0.1   0.1  76.39  -4.75   3.48  22.4  -2.6   3.5
 0.6  0.7  500  600  -1.00  -1.00  -1.00   3.0   0.0   0.0  22.66  -0.07   0.07   4.8  -0.1   0.1  69.88 -18.97   6.95  23.0  -4.7  10.8
 0.6  0.7  600  700  -1.00  -1.00  -1.00  -1.0  -1.0  -1.0  23.08  -0.07   0.07   4.6  -0.0   0.0  -1.00  -1.00  -1.00  -1.0  -1.0  -1.0
 0.6  0.7  700  800  -1.00  -1.00  -1.00  -1.0  -1.0  -1.0  23.64  -0.07   0.07   4.9  -0.0   0.1  -1.00  -1.00  -1.00  -1.0  -1.0  -1.0
 0.6  0.7  800  900  -1.00  -1.00  -1.00  -1.0  -1.0  -1.0  23.95  -0.06   0.06   4.4  -0.0   0.0  -1.00  -1.00  -1.00  -1.0  -1.0  -1.0
 0.6  0.7  900 1000  -1.00  -1.00  -1.00  -1.0  -1.0  -1.0  24.37  -0.05   0.05   4.1  -0.0   0.0  -1.00  -1.00  -1.00  -1.0  -1.0  -1.0
 0.6  0.7 1000 1100  -1.00  -1.00  -1.00  -1.0  -1.0  -1.0  24.63  -0.05   0.05   4.0  -0.0   0.0  -1.00  -1.00  -1.00  -1.0  -1.0  -1.0
 0.6  0.7 1100 1200  -1.00  -1.00  -1.00  -1.0  -1.0  -1.0  24.88  -0.04   0.04   3.8  -0.0   0.0  -1.00  -1.00  -1.00  -1.0  -1.0  -1.0
 0.6  0.7 1200 1300  -1.00  -1.00  -1.00  -1.0  -1.0  -1.0  25.14  -0.04   0.04   3.8  -0.0   0.0  -1.00  -1.00  -1.00  -1.0  -1.0  -1.0
 0.6  0.7 1300 1400  -1.00  -1.00  -1.00  -1.0  -1.0  -1.0  25.21  -0.04   0.04   3.8  -0.0   0.0  -1.00  -1.00  -1.00  -1.0  -1.0  -1.0
 0.6  0.7 1400 1500  -1.00  -1.00  -1.00  -1.0  -1.0  -1.0  25.41  -0.04   0.04   3.7  -0.0   0.0  -1.00  -1.00  -1.00  -1.0  -1.0  -1.0
 0.7  0.9   48  100  22.90  -0.04   0.04   5.1  -0.0   0.0  55.88  -1.48   1.44  32.4  -0.8   0.9 245.21 -10.69   6.91  44.2  -5.6   8.8
 0.7  0.9  100  200  22.81  -0.02   0.02   4.7  -0.0   0.0  44.45  -0.37   0.37  23.2  -0.2   0.2 226.53  -1.41   1.39  43.2  -1.1   1.2
 0.7  0.9  200  300  22.01  -0.03   0.03   4.4  -0.0   0.0  33.47  -0.72   0.76  14.3  -0.4   0.4 168.57  -5.74   9.82  49.3  -6.8  11.4
 0.7  0.9  300  400  -1.00  -1.00  -1.00   3.0   0.0   0.0  21.03  -0.04   0.04   4.5  -0.0   0.0 104.45  -3.02   2.53  28.1  -2.0   2.5
 0.7  0.9  400  500  -1.00  -1.00  -1.00   3.0   0.0   0.0  20.35  -0.04   0.04   4.5  -0.0   0.0  76.93  -5.47   3.59  24.3  -3.0   4.6
 0.7  0.9  500  600  -1.00  -1.00  -1.00   3.0   0.0   0.0  20.21  -0.04   0.04   4.4  -0.0   0.0  64.59 -24.33   5.46  18.3  -4.4  14.6
 0.7  0.9  600  700  -1.00  -1.00  -1.00  -1.0  -1.0  -1.0  20.49  -0.04   0.04   4.3  -0.0   0.0  -1.00  -1.00  -1.00  -1.0  -1.0  -1.0
 0.7  0.9  700  800  -1.00  -1.00  -1.00  -1.0  -1.0  -1.0  20.95  -0.04   0.04   4.5  -0.0   0.0  -1.00  -1.00  -1.00  -1.0  -1.0  -1.0
 0.7  0.9  800  900  -1.00  -1.00  -1.00  -1.0  -1.0  -1.0  21.22  -0.04   0.04   4.2  -0.0   0.0  -1.00  -1.00  -1.00  -1.0  -1.0  -1.0
 0.7  0.9  900 1000  -1.00  -1.00  -1.00  -1.0  -1.0  -1.0  21.56  -0.03   0.03   3.9  -0.0   0.0  -1.00  -1.00  -1.00  -1.0  -1.0  -1.0
 0.7  0.9 1000 1100  -1.00  -1.00  -1.00  -1.0  -1.0  -1.0  21.87  -0.03   0.03   3.8  -0.0   0.0  -1.00  -1.00  -1.00  -1.0  -1.0  -1.0
 0.7  0.9 1100 1200  -1.00  -1.00  -1.00  -1.0  -1.0  -1.0  22.15  -0.03   0.03   3.8  -0.0   0.0  -1.00  -1.00  -1.00  -1.0  -1.0  -1.0
 0.7  0.9 1200 1300  -1.00  -1.00  -1.00  -1.0  -1.0  -1.0  22.26  -0.02   0.02   3.6  -0.0   0.0  -1.00  -1.00  -1.00  -1.0  -1.0  -1.0
 0.7  0.9 1300 1400  -1.00  -1.00  -1.00  -1.0  -1.0  -1.0  22.41  -0.02   0.02   3.6  -0.0   0.0  -1.00  -1.00  -1.00  -1.0  -1.0  -1.0
 0.7  0.9 1400 1500  -1.00  -1.00  -1.00  -1.0  -1.0  -1.0  22.54  -0.02   0.02   3.6  -0.0   0.0  -1.00  -1.00  -1.00  -1.0  -1.0  -1.0
 0.9  1.1   48  100  20.40  -0.04   0.04   4.7  -0.0   0.0  48.69  -1.43   1.40  28.0  -0.8   0.8 236.66  -5.81   5.52  39.6  -4.1   5.3
 0.9  1.1  100  200  20.53  -0.02   0.02   4.3  -0.0   0.0  39.28  -0.32   0.32  22.0  -0.2   0.2 225.33  -1.77   1.70  44.9  -1.4   1.5
 0.9  1.1  200  300  19.75  -0.02   0.02   4.1  -0.0   0.0  31.73  -0.57   0.59  14.3  -0.3   0.3 165.25  -2.83   2.65  47.1  -2.9   3.4
 0.9  1.1  300  400  -1.00  -1.00  -1.00   3.0   0.0   0.0  18.96  -0.03   0.03   4.2  -0.0   0.0 103.13  -8.01   5.19  38.8  -4.7   7.1
 0.9  1.1  400  500  -1.00  -1.00  -1.00   3.0   0.0   0.0  18.29  -0.03   0.03   4.1  -0.0   0.0  82.10  -5.20   3.39  22.1  -2.9   4.6
 0.9  1.1  500  600  -1.00  -1.00  -1.00   3.0   0.0   0.0  18.14  -0.04   0.04   4.0  -0.0   0.0  63.33  -5.72   3.14  15.2  -2.4   4.2
 0.9  1.1  600  700  -1.00  -1.00  -1.00  -1.0  -1.0  -1.0  18.25  -0.03   0.03   3.9  -0.0   0.0  -1.00  -1.00  -1.00  -1.0  -1.0  -1.0
 0.9  1.1  700  800  -1.00  -1.00  -1.00  -1.0  -1.0  -1.0  18.57  -0.03   0.03   4.0  -0.0   0.0  -1.00  -1.00  -1.00  -1.0  -1.0  -1.0
 0.9  1.1  800  900  -1.00  -1.00  -1.00  -1.0  -1.0  -1.0  18.82  -0.03   0.03   3.7  -0.0   0.0  -1.00  -1.00  -1.00  -1.0  -1.0  -1.0
 0.9  1.1  900 1000  -1.00  -1.00  -1.00  -1.0  -1.0  -1.0  19.12  -0.03   0.03   3.6  -0.0   0.0  -1.00  -1.00  -1.00  -1.0  -1.0  -1.0
 0.9  1.1 1000 1100  -1.00  -1.00  -1.00  -1.0  -1.0  -1.0  19.41  -0.03   0.02   3.5  -0.0   0.0  -1.00  -1.00  -1.00  -1.0  -1.0  -1.0
 0.9  1.1 1100 1200  -1.00  -1.00  -1.00  -1.0  -1.0  -1.0  19.63  -0.02   0.02   3.5  -0.0   0.0  -1.00  -1.00  -1.00  -1.0  -1.0  -1.0
 0.9  1.1 1200 1300  -1.00  -1.00  -1.00  -1.0  -1.0  -1.0  19.83  -0.02   0.02   3.3  -0.0   0.0  -1.00  -1.00  -1.00  -1.0  -1.0  -1.0
 0.9  1.1 1300 1400  -1.00  -1.00  -1.00  -1.0  -1.0  -1.0  20.02  -0.02   0.02   3.3  -0.0   0.0  -1.00  -1.00  -1.00  -1.0  -1.0  -1.0
 0.9  1.1 1400 1500  -1.00  -1.00  -1.00  -1.0  -1.0  -1.0  20.17  -0.02   0.02   3.3  -0.0   0.0  -1.00  -1.00  -1.00  -1.0  -1.0  -1.0
 1.1  1.3   48  100  18.94  -0.05   0.05   4.3  -0.0   0.0  41.81  -1.51   1.45  25.4  -0.8   0.9 223.05  -8.14   6.79  36.2  -5.0   7.0
 1.1  1.3  100  200  19.27  -0.02   0.02   4.1  -0.0   0.0  36.08  -0.24   0.25  17.8  -0.1   0.1 217.71  -2.42   2.25  46.3  -1.8   2.1
 1.1  1.3  200  300  18.59  -0.02   0.02   3.8  -0.0   0.0  29.84  -0.40   0.41  13.3  -0.2   0.2 161.37  -3.94   3.47  51.9  -3.9   4.9
 1.1  1.3  300  400  -1.00  -1.00  -1.00   3.0   0.0   0.0  17.89  -0.03   0.03   4.2  -0.0   0.0  91.26 -27.16   6.99  39.0  -8.7  29.0
 1.1  1.3  400  500  -1.00  -1.00  -1.00   3.0   0.0   0.0  17.22  -0.03   0.03   3.8  -0.0   0.0  76.21  -3.64   2.88  21.0  -3.1   5.3
 1.1  1.3  500  600  -1.00  -1.00  -1.00   3.0   0.0   0.0  17.09  -0.03   0.03   3.8  -0.0   0.0  57.00 -16.77   3.61   8.6  -2.1   6.5
 1.1  1.3  600  700  -1.00  -1.00  -1.00  -1.0  -1.0  -1.0  17.05  -0.03   0.03   3.7  -0.0   0.0  -1.00  -1.00  -1.00  -1.0  -1.0  -1.0
 1.1  1.3  700  800  -1.00  -1.00  -1.00  -1.0  -1.0  -1.0  17.23  -0.03   0.03   3.8  -0.0   0.0  -1.00  -1.00  -1.00  -1.0  -1.0  -1.0
 1.1  1.3  800  900  -1.00  -1.00  -1.00  -1.0  -1.0  -1.0  17.48  -0.03   0.03   3.6  -0.0   0.0  -1.00  -1.00  -1.00  -1.0  -1.0  -1.0
 1.1  1.3  900 1000  -1.00  -1.00  -1.00  -1.0  -1.0  -1.0  17.68  -0.03   0.03   3.4  -0.0   0.0  -1.00  -1.00  -1.00  -1.0  -1.0  -1.0
 1.1  1.3 1000 1100  -1.00  -1.00  -1.00  -1.0  -1.0  -1.0  17.95   0.00   0.02   3.3  -0.0   0.0  -1.00  -1.00  -1.00  -1.0  -1.0  -1.0
 1.1  1.3 1100 1200  -1.00  -1.00  -1.00  -1.0  -1.0  -1.0  18.16  -0.02   0.02   3.3  -0.0   0.0  -1.00  -1.00  -1.00  -1.0  -1.0  -1.0
 1.1  1.3 1200 1300  -1.00  -1.00  -1.00  -1.0  -1.0  -1.0  18.39  -0.02   0.02   3.2  -0.0   0.0  -1.00  -1.00  -1.00  -1.0  -1.0  -1.0
 1.1  1.3 1300 1400  -1.00  -1.00  -1.00  -1.0  -1.0  -1.0  18.51  -0.02   0.02   3.1  -0.0   0.0  -1.00  -1.00  -1.00  -1.0  -1.0  -1.0
 1.1  1.3 1400 1500  -1.00  -1.00  -1.00  -1.0  -1.0  -1.0  18.71  -0.02   0.02   3.2  -0.0   0.0  -1.00  -1.00  -1.00  -1.0  -1.0  -1.0
 1.3  1.5   48  100  18.13  -0.08   0.08   4.2  -0.1   0.1  37.86  -1.55   1.52  20.6  -0.9   0.9 200.76   0.00  14.36  50.3 -10.3  19.7
 1.3  1.5  100  200  18.61  -0.02   0.02   4.0  -0.0   0.0  33.91  -0.23   0.23  15.5  -0.1   0.1 208.68  -3.65   3.23  48.4  -2.5   2.9
 1.3  1.5  200  300  17.90  -0.02   0.02   3.7  -0.0   0.0  28.89  -0.32   0.33  12.1  -0.2   0.2 156.62  -5.83   4.62  59.1  -5.4   7.3
 1.3  1.5  300  400  -1.00  -1.00  -1.00   3.0   0.0   0.0  17.19  -0.02   0.02   4.0  -0.0   0.0  99.34  -7.35   4.98  37.1  -4.0   5.8
 1.3  1.5  400  500  -1.00  -1.00  -1.00   3.0   0.0   0.0  16.56  -0.03   0.03   3.8  -0.0   0.0  77.86 -44.12   7.56  22.3  -5.8  22.3
 1.3  1.5  500  600  -1.00  -1.00  -1.00  -1.0  -1.0  -1.0  16.23  -0.03   0.03   3.6  -0.0   0.0  -1.00  -1.00  -1.00  -1.0  -1.0  -1.0
 1.3  1.5  600  700  -1.00  -1.00  -1.00  -1.0  -1.0  -1.0  16.19  -0.03   0.03   3.6  -0.0   0.0  -1.00  -1.00  -1.00  -1.0  -1.0  -1.0
 1.3  1.5  700  800  -1.00  -1.00  -1.00  -1.0  -1.0  -1.0  16.32  -0.03   0.03   3.6  -0.0   0.0  -1.00  -1.00  -1.00  -1.0  -1.0  -1.0
 1.3  1.5  800  900  -1.00  -1.00  -1.00  -1.0  -1.0  -1.0  16.45  -0.03   0.03   3.3  -0.0   0.0  -1.00  -1.00  -1.00  -1.0  -1.0  -1.0
 1.3  1.5  900 1000  -1.00  -1.00  -1.00  -1.0  -1.0  -1.0  16.67  -0.03   0.03   3.4  -0.0   0.0  -1.00  -1.00  -1.00  -1.0  -1.0  -1.0
 1.3  1.5 1000 1100  -1.00  -1.00  -1.00  -1.0  -1.0  -1.0  16.85  -0.03   0.03   3.2  -0.0   0.0  -1.00  -1.00  -1.00  -1.0  -1.0  -1.0
 1.3  1.5 1100 1200  -1.00  -1.00  -1.00  -1.0  -1.0  -1.0  17.06  -0.02   0.02   3.2  -0.0   0.0  -1.00  -1.00  -1.00  -1.0  -1.0  -1.0
 1.3  1.5 1200 1300  -1.00  -1.00  -1.00  -1.0  -1.0  -1.0  17.24  -0.02   0.02   3.1  -0.0   0.0  -1.00  -1.00  -1.00  -1.0  -1.0  -1.0
 1.3  1.5 1300 1400  -1.00  -1.00  -1.00  -1.0  -1.0  -1.0  17.39  -0.02   0.02   3.1  -0.0   0.0  -1.00  -1.00  -1.00  -1.0  -1.0  -1.0
 1.3  1.5 1400 1500  -1.00  -1.00  -1.00  -1.0  -1.0  -1.0  17.59  -0.02   0.02   3.0  -0.0   0.0  -1.00  -1.00  -1.00  -1.0  -1.0  -1.0
 1.5  1.9   48  100  17.05  -0.05   0.05   3.0   0.0   0.0  30.05  -1.05   1.04  16.3  -0.6   0.7 190.00   0.00   5.33  32.7  -6.6  10.3
 1.5  1.9  100  200  17.94  -0.02   0.02   3.8  -0.0   0.0  31.26  -0.17   0.18  13.2  -0.1   0.1 202.95  -2.69   2.44  39.6  -1.8   2.1
 1.5  1.9  200  300  17.06  -0.01   0.01   3.4  -0.0   0.0  27.21  -0.18   0.18  10.3  -0.1   0.1 156.06  -3.40   3.00  51.8  -3.2   3.8
 1.5  1.9  300  400  -1.00  -1.00  -1.00   3.0   0.0   0.0  16.47  -0.02   0.02   3.9  -0.0   0.0 100.00  -7.86   5.25  43.6  -4.7   6.9
 1.5  1.9  400  500  -1.00  -1.00  -1.00   3.0   0.0   0.0  15.79  -0.02   0.02   3.6  -0.0   0.0  61.75 -21.33   7.80  33.8  -6.4  14.2
 1.5  1.9  500  600  -1.00  -1.00  -1.00  -1.0  -1.0  -1.0  15.41  -0.02   0.02   3.5  -0.0   0.0  -1.00  -1.00  -1.00  -1.0  -1.0  -1.0
 1.5  1.9  600  700  -1.00  -1.00  -1.00  -1.0  -1.0  -1.0  15.30  -0.02   0.02   3.3  -0.0   0.0  -1.00  -1.00  -1.00  -1.0  -1.0  -1.0
 1.5  1.9  700  800  -1.00  -1.00  -1.00  -1.0  -1.0  -1.0  15.41  -0.02   0.02   3.4  -0.0   0.0  -1.00  -1.00  -1.00  -1.0  -1.0  -1.0
 1.5  1.9  800  900  -1.00  -1.00  -1.00  -1.0  -1.0  -1.0  15.43  -0.02   0.02   3.2  -0.0   0.0  -1.00  -1.00  -1.00  -1.0  -1.0  -1.0
 1.5  1.9  900 1000  -1.00  -1.00  -1.00  -1.0  -1.0  -1.0  15.58  -0.02   0.02   3.1  -0.0   0.0  -1.00  -1.00  -1.00  -1.0  -1.0  -1.0
 1.5  1.9 1000 1100  -1.00  -1.00  -1.00  -1.0  -1.0  -1.0  15.73  -0.02   0.02   3.0   0.0   0.0  -1.00  -1.00  -1.00  -1.0  -1.0  -1.0
 1.5  1.9 1100 1200  -1.00  -1.00  -1.00  -1.0  -1.0  -1.0  15.90  -0.02   0.02   3.0   0.0   0.0  -1.00  -1.00  -1.00  -1.0  -1.0  -1.0
 1.5  1.9 1200 1300  -1.00  -1.00  -1.00  -1.0  -1.0  -1.0  16.02  -0.02   0.02   3.0   0.0   0.0  -1.00  -1.00  -1.00  -1.0  -1.0  -1.0
 1.5  1.9 1300 1400  -1.00  -1.00  -1.00  -1.0  -1.0  -1.0  16.18  -0.02   0.02   3.0   0.0   0.0  -1.00  -1.00  -1.00  -1.0  -1.0  -1.0
 1.5  1.9 1400 1500  -1.00  -1.00  -1.00  -1.0  -1.0  -1.0  16.34  -0.02   0.02   3.0   0.0   0.0  -1.00  -1.00  -1.00  -1.0  -1.0  -1.0
 1.9  2.3  100  200  17.39  -0.03   0.03   3.8  -0.0   0.0  28.66  -0.24   0.24  11.9  -0.1   0.1 190.00   0.00   2.67  41.8  -2.6   2.9
 1.9  2.3  200  300  16.43  -0.02   0.02   3.2  -0.0   0.0  24.76  -0.17   0.17   8.5  -0.1   0.1 150.50  -4.19   3.53  46.2  -3.2   3.9
 1.9  2.3  300  400  -1.00  -1.00  -1.00   3.0   0.0   0.0  15.94  -0.02   0.02   3.8  -0.0   0.0  98.15  -8.77   5.53  42.7  -4.8   7.1
 1.9  2.3  400  500  -1.00  -1.00  -1.00   3.0   0.0   0.0  15.25  -0.02   0.02   3.5  -0.0   0.0  60.51 -18.64   7.33  30.5  -5.3  11.3
 1.9  2.3  500  600  -1.00  -1.00  -1.00  -1.0  -1.0  -1.0  14.80  -0.02   0.02   3.3  -0.0   0.0  -1.00  -1.00  -1.00  -1.0  -1.0  -1.0
 1.9  2.3  600  700  -1.00  -1.00  -1.00  -1.0  -1.0  -1.0  14.72  -0.02   0.02   3.2  -0.0   0.0  -1.00  -1.00  -1.00  -1.0  -1.0  -1.0
 1.9  2.3  700  800  -1.00  -1.00  -1.00  -1.0  -1.0  -1.0  14.76  -0.02   0.02   3.1  -0.0   0.0  -1.00  -1.00  -1.00  -1.0  -1.0  -1.0
 1.9  2.3  800  900  -1.00  -1.00  -1.00  -1.0  -1.0  -1.0  14.82  -0.02   0.02   3.0   0.0   0.0  -1.00  -1.00  -1.00  -1.0  -1.0  -1.0
 1.9  2.3  900 1000  -1.00  -1.00  -1.00  -1.0  -1.0  -1.0  14.95  -0.02   0.02   3.0   0.0   0.0  -1.00  -1.00  -1.00  -1.0  -1.0  -1.0
 1.9  2.3 1000 1100  -1.00  -1.00  -1.00  -1.0  -1.0  -1.0  15.10  -0.02   0.02   3.0   0.0   0.0  -1.00  -1.00  -1.00  -1.0  -1.0  -1.0
 1.9  2.3 1100 1200  -1.00  -1.00  -1.00  -1.0  -1.0  -1.0  15.16  -0.02   0.02   3.0   0.0   0.0  -1.00  -1.00  -1.00  -1.0  -1.0  -1.0
 1.9  2.3 1200 1300  -1.00  -1.00  -1.00  -1.0  -1.0  -1.0  15.29  -0.02   0.02   3.0   0.0   0.0  -1.00  -1.00  -1.00  -1.0  -1.0  -1.0
 1.9  2.3 1300 1400  -1.00  -1.00  -1.00  -1.0  -1.0  -1.0  15.42  -0.02   0.02   3.0   0.0   0.0  -1.00  -1.00  -1.00  -1.0  -1.0  -1.0
 1.9  2.3 1400 1500  -1.00  -1.00  -1.00  -1.0  -1.0  -1.0  15.56  -0.02   0.02   3.0   0.0   0.0  -1.00  -1.00  -1.00  -1.0  -1.0  -1.0
 2.3  2.7  100  200  16.36  -0.04   0.04   3.9  -0.0   0.0  26.57  -0.45   0.47  11.8  -0.3   0.3 190.00   0.00   3.07  35.6  -3.6   4.3
 2.3  2.7  200  300  15.26  -0.02   0.02   3.3  -0.0   0.0  22.83  -0.19   0.20   7.7  -0.1   0.1 134.87 -11.70   7.63  52.8  -5.8   8.5
 2.3  2.7  300  400  -1.00  -1.00  -1.00   3.0   0.0   0.0  14.79  -0.02   0.02   3.8  -0.0   0.0  92.38 -13.92   7.62  44.4  -5.9   9.8
 2.3  2.7  400  500  -1.00  -1.00  -1.00   3.0   0.0   0.0  14.07  -0.02   0.02   3.5  -0.0   0.0  64.99   0.00   7.01  25.6  -7.4  34.0
 2.3  2.7  500  600  -1.00  -1.00  -1.00  -1.0  -1.0  -1.0  13.74  -0.02   0.02   3.4  -0.0   0.0  -1.00  -1.00  -1.00  -1.0  -1.0  -1.0
 2.3  2.7  600  700  -1.00  -1.00  -1.00  -1.0  -1.0  -1.0  13.63  -0.02   0.02   3.2  -0.0   0.0  -1.00  -1.00  -1.00  -1.0  -1.0  -1.0
 2.3  2.7  700  800  -1.00  -1.00  -1.00  -1.0  -1.0  -1.0  13.65   0.00   0.02   3.1  -0.0   0.0  -1.00  -1.00  -1.00  -1.0  -1.0  -1.0
 2.3  2.7  800  900  -1.00  -1.00  -1.00  -1.0  -1.0  -1.0  13.79  -0.02   0.02   3.1  -0.0   0.0  -1.00  -1.00  -1.00  -1.0  -1.0  -1.0
 2.3  2.7  900 1000  -1.00  -1.00  -1.00  -1.0  -1.0  -1.0  13.90  -0.02   0.02   3.0   0.0   0.0  -1.00  -1.00  -1.00  -1.0  -1.0  -1.0
 2.3  2.7 1000 1100  -1.00  -1.00  -1.00  -1.0  -1.0  -1.0  13.99  -0.02   0.02   3.0   0.0   0.0  -1.00  -1.00  -1.00  -1.0  -1.0  -1.0
 2.3  2.7 1100 1200  -1.00  -1.00  -1.00  -1.0  -1.0  -1.0  14.10  -0.02   0.02   3.0   0.0   0.0  -1.00  -1.00  -1.00  -1.0  -1.0  -1.0
 2.3  2.7 1200 1300  -1.00  -1.00  -1.00  -1.0  -1.0  -1.0  14.19  -0.02   0.02   3.0   0.0   0.0  -1.00  -1.00  -1.00  -1.0  -1.0  -1.0
 2.3  2.7 1300 1400  -1.00  -1.00  -1.00  -1.0  -1.0  -1.0  14.34  -0.02   0.02   3.0   0.0   0.0  -1.00  -1.00  -1.00  -1.0  -1.0  -1.0
 2.3  2.7 1400 1500  -1.00  -1.00  -1.00  -1.0  -1.0  -1.0  14.43  -0.02   0.02   3.0   0.0   0.0  -1.00  -1.00  -1.00  -1.0  -1.0  -1.0
