0 0.1 29.6268 3.42703 13.057 5.80278 -24.26 7.95813 3.95609 1.00156
0.1 0.2 38.3436 4.5875 -13.4907 7.74033 -13.4903 3.88419 3.00477 0.541949
0.2 0.3 40.4184 3.8635 -29.834 6.56069 -16.0031 2.54968 3.47905 0.410059
0.3 0.4 48.2465 4.86651 -48.1679 8.19949 -13.5271 2.03145 3.14496 0.352842
0.4 0.5 50.8064 5.58817 -54.0163 9.36585 -19.8479 3.12329 4.36711 0.557998
0.5 0.6 53.9822 5.77244 -61.2796 9.68746 -21.3993 3.06113 4.8446 0.559908
0.6 0.7 54.7249 6.54662 -64.5399 10.9154 -20.6349 3.15158 4.86777 0.599131
0.7 0.9 54.1504 6.48833 -66.4695 10.8138 -18.2969 2.80638 4.62862 0.562295
0.9 1.1 57.2066 6.10743 -73.8844 10.2466 -17.9369 2.49197 4.74052 0.512247
1.1 1.3 52.7071 5.52036 -67.9757 9.27822 -18.601 2.82068 5.05339 0.613315
1.3 1.5 54.7434 8.58522 -72.4438 14.1839 -21.8792 3.69766 5.99711 0.839499
1.5 1.9 51.7366 6.71385 -68.7708 11.1525 -22.7289 3.32344 6.42409 0.763779
1.9 2.3 50.5193 6.63114 -67.5032 11.0126 -20.4949 3.0524 6.00263 0.716093
2.3 2.7 48.9165 7.00969 -65.9485 11.618 -22.0221 3.93568 6.63048 0.98051
