   3 0.0 0.1      951      912 0.9590 0.0063
   3 0.1 0.3    12587    12202 0.9694 0.0015
   3 0.3 0.5    40912    39260 0.9596 0.0010
   3 0.5 0.7    78539    75868 0.9660 0.0006
   3 0.7 0.9   102644    99028 0.9648 0.0006
   3 0.9 1.1   112279   108600 0.9672 0.0005
   3 1.1 1.3   112600   109548 0.9729 0.0005
   3 1.3 1.5   104183   101785 0.9770 0.0005
   3 1.5 2.0   199400   195032 0.9781 0.0003
   3 2.0 2.5   130280   128421 0.9857 0.0003
   3 2.5 3.0    69950    67860 0.9701 0.0006
   3 3.0 3.5    38220    36433 0.9532 0.0011
   3 3.5 4.0    25086    24124 0.9617 0.0012
   4 0.0 0.1      927      906 0.9773 0.0048
   4 0.1 0.3    12458    12145 0.9749 0.0014
   4 0.3 0.5    40375    39061 0.9675 0.0009
   4 0.5 0.7    77652    75496 0.9722 0.0006
   4 0.7 0.9   101396    98564 0.9721 0.0005
   4 0.9 1.1   110994   108193 0.9748 0.0005
   4 1.1 1.3   111399   109131 0.9796 0.0004
   4 1.3 1.5   103187   101444 0.9831 0.0004
   4 1.5 2.0   197421   194407 0.9847 0.0003
   4 2.0 2.5   129262   128129 0.9912 0.0003
   4 2.5 3.0    68985    67720 0.9817 0.0005
   4 3.0 3.5    37704    36383 0.9650 0.0009
   4 3.5 4.0    24842    24107 0.9704 0.0011
   5 0.0 0.1      928      898 0.9677 0.0057
   5 0.1 0.3    12415    12051 0.9707 0.0015
   5 0.3 0.5    40328    38774 0.9615 0.0009
   5 0.5 0.7    77521    74933 0.9666 0.0006
   5 0.7 0.9   101521    98045 0.9658 0.0006
   5 0.9 1.1   111272   107834 0.9691 0.0005
   5 1.1 1.3   111706   108882 0.9747 0.0005
   5 1.3 1.5   103451   101301 0.9792 0.0004
   5 1.5 2.0   198175   194424 0.9811 0.0003
   5 2.0 2.5   129903   128303 0.9877 0.0003
   5 2.5 3.0    69062    67916 0.9834 0.0005
   5 3.0 3.5    37806    36540 0.9665 0.0009
   5 3.5 4.0    24991    24254 0.9705 0.0011
   6 0.0 0.1      945      892 0.9439 0.0073
   6 0.1 0.3    12533    11971 0.9552 0.0018
   6 0.3 0.5    40677    38497 0.9464 0.0011
   6 0.5 0.7    78892    74441 0.9436 0.0008
   6 0.7 0.9   103500    97480 0.9418 0.0007
   6 0.9 1.1   113783   107469 0.9445 0.0007
   6 1.1 1.3   114308   108659 0.9506 0.0006
   6 1.3 1.5   105317   101170 0.9606 0.0006
   6 1.5 2.0   202337   194445 0.9610 0.0004
   6 2.0 2.5   131920   128492 0.9740 0.0004
   6 2.5 3.0    70613    68081 0.9641 0.0007
   6 3.0 3.5    39530    36663 0.9275 0.0013
   6 3.5 4.0    26123    24368 0.9328 0.0015
   7 0.0 0.1      944      869 0.9206 0.0084
   7 0.1 0.3    12398    11780 0.9502 0.0019
   7 0.3 0.5    40266    37937 0.9422 0.0011
   7 0.5 0.7    77291    72987 0.9443 0.0008
   7 0.7 0.9   101755    95789 0.9414 0.0007
   7 0.9 1.1   111956   105984 0.9467 0.0007
   7 1.1 1.3   112880   107516 0.9525 0.0006
   7 1.3 1.5   104824   100761 0.9612 0.0006
   7 1.5 2.0   201827   194801 0.9652 0.0004
   7 2.0 2.5   132089   129061 0.9771 0.0004
   7 2.5 3.0    71523    69900 0.9773 0.0006
   7 3.0 3.5    39362    37469 0.9519 0.0011
   7 3.5 4.0    25759    24580 0.9542 0.0013
   8 0.0 0.1      939      867 0.9233 0.0083
   8 0.1 0.3    12461    11811 0.9478 0.0019
   8 0.3 0.5    40596    38065 0.9377 0.0012
   8 0.5 0.7    77752    72968 0.9385 0.0008
   8 0.7 0.9   101792    95773 0.9409 0.0007
   8 0.9 1.1   112243   106049 0.9448 0.0007
   8 1.1 1.3   112927   107771 0.9543 0.0006
   8 1.3 1.5   104969   101055 0.9627 0.0006
   8 1.5 2.0   201570   195853 0.9716 0.0004
   8 2.0 2.5   132790   130057 0.9794 0.0004
   8 2.5 3.0    71833    70984 0.9882 0.0004
   8 3.0 3.5    39846    38720 0.9717 0.0008
   8 3.5 4.0    26494    25488 0.9620 0.0012
   9 0.0 0.1      891      853 0.9574 0.0066
   9 0.1 0.3    12229    11749 0.9607 0.0017
   9 0.3 0.5    39915    37823 0.9476 0.0011
   9 0.5 0.7    76135    72412 0.9511 0.0008
   9 0.7 0.9   100352    95088 0.9475 0.0007
   9 0.9 1.1   111005   105387 0.9494 0.0006
   9 1.1 1.3   112125   107152 0.9556 0.0006
   9 1.3 1.5   104876   100946 0.9625 0.0006
   9 1.5 2.0   203531   196214 0.9640 0.0004
   9 2.0 2.5   133842   130865 0.9778 0.0004
   9 2.5 3.0    75917    71889 0.9469 0.0008
   9 3.0 3.5    42248    39088 0.9252 0.0012
   9 3.5 4.0    27440    25705 0.9368 0.0014
  10 0.0 0.1      925      861 0.9308 0.0081
  10 0.1 0.3    12483    11944 0.9568 0.0018
  10 0.3 0.5    40624    38474 0.9471 0.0011
  10 0.5 0.7    78103    74009 0.9476 0.0008
  10 0.7 0.9   102904    97551 0.9480 0.0007
  10 0.9 1.1   113455   108090 0.9527 0.0006
  10 1.1 1.3   114518   109927 0.9599 0.0006
  10 1.3 1.5   106485   103186 0.9690 0.0005
  10 1.5 2.0   206359   201176 0.9749 0.0003
  10 2.0 2.5   135846   133469 0.9825 0.0004
  10 2.5 3.0    74919    73941 0.9869 0.0004
  10 3.0 3.5    42584    41108 0.9653 0.0009
  10 3.5 4.0    28224    27039 0.9580 0.0012
  11 0.0 0.1      930      898 0.9656 0.0059
  11 0.1 0.3    12527    12237 0.9769 0.0013
  11 0.3 0.5    40574    39318 0.9690 0.0008
  11 0.5 0.7    77960    75696 0.9710 0.0006
  11 0.7 0.9   102873    99768 0.9698 0.0005
  11 0.9 1.1   113445   110278 0.9721 0.0005
  11 1.1 1.3   114690   112159 0.9779 0.0004
  11 1.3 1.5   107102   105085 0.9812 0.0004
  11 1.5 2.0   207873   204478 0.9837 0.0003
  11 2.0 2.5   136712   135423 0.9906 0.0003
  11 2.5 3.0    75987    74943 0.9863 0.0004
  11 3.0 3.5    42582    41869 0.9833 0.0006
  11 3.5 4.0    28004    27717 0.9898 0.0006
  12 0.0 0.1      974      931 0.9559 0.0064
  12 0.1 0.3    12692    12266 0.9664 0.0016
  12 0.3 0.5    41556    39735 0.9562 0.0010
  12 0.5 0.7    79681    76391 0.9587 0.0007
  12 0.7 0.9   104651   100240 0.9579 0.0006
  12 0.9 1.1   115117   110632 0.9610 0.0006
  12 1.1 1.3   115858   111948 0.9663 0.0005
  12 1.3 1.5   106872   104096 0.9740 0.0005
  12 1.5 2.0   207077   202241 0.9766 0.0003
  12 2.0 2.5   135761   133686 0.9847 0.0003
  12 2.5 3.0    71705    70555 0.9840 0.0005
  12 3.0 3.5    41741    40025 0.9589 0.0010
  12 3.5 4.0    28365    27258 0.9610 0.0011
  13 0.0 0.1     1004      965 0.9612 0.0060
  13 0.1 0.3    12983    12642 0.9737 0.0014
  13 0.3 0.5    43048    41607 0.9665 0.0009
  13 0.5 0.7    82570    80073 0.9698 0.0006
  13 0.7 0.9   108614   105328 0.9697 0.0005
  13 0.9 1.1   119714   116418 0.9725 0.0005
  13 1.1 1.3   119930   117168 0.9770 0.0004
  13 1.3 1.5   110459   108453 0.9818 0.0004
  13 1.5 2.0   214384   210896 0.9837 0.0003
  13 2.0 2.5   139647   138277 0.9902 0.0003
  13 2.5 3.0    76438    75315 0.9853 0.0004
  13 3.0 3.5    45532    43976 0.9658 0.0008
  13 3.5 4.0    30619    29682 0.9694 0.0010
  14 0.0 0.1     1093     1049 0.9597 0.0058
  14 0.1 0.3    13561    13149 0.9696 0.0015
  14 0.3 0.5    45854    43884 0.9570 0.0009
  14 0.5 0.7    87889    84341 0.9596 0.0007
  14 0.7 0.9   116154   111142 0.9569 0.0006
  14 0.9 1.1   127401   122343 0.9603 0.0005
  14 1.1 1.3   126769   122393 0.9655 0.0005
  14 1.3 1.5   115511   112302 0.9722 0.0005
  14 1.5 2.0   223511   217526 0.9732 0.0003
  14 2.0 2.5   144326   141824 0.9827 0.0003
  14 2.5 3.0    78639    76962 0.9787 0.0005
  14 3.0 3.5    48451    46170 0.9529 0.0009
  14 3.5 4.0    32692    31385 0.9600 0.0011
  15 0.0 0.1     1112     1050 0.9442 0.0067
  15 0.1 0.3    13765    13051 0.9481 0.0018
  15 0.3 0.5    46497    43895 0.9440 0.0010
  15 0.5 0.7    89679    84557 0.9429 0.0008
  15 0.7 0.9   118580   111601 0.9411 0.0007
  15 0.9 1.1   130344   122950 0.9433 0.0006
  15 1.1 1.3   129425   122720 0.9482 0.0006
  15 1.3 1.5   118789   112572 0.9477 0.0006
  15 1.5 2.0   229454   218620 0.9528 0.0004
  15 2.0 2.5   148728   142601 0.9588 0.0005
  15 2.5 3.0    84603    77767 0.9192 0.0009
  15 3.0 3.5    51202    46919 0.9164 0.0012
  15 3.5 4.0    34170    31857 0.9323 0.0013
  16 0.0 0.1     1122     1104 0.9840 0.0037
  16 0.1 0.3    13648    13479 0.9876 0.0009
  16 0.3 0.5    46497    45904 0.9872 0.0005
  16 0.5 0.7    89162    88250 0.9898 0.0003
  16 0.7 0.9   117760   116530 0.9896 0.0003
  16 0.9 1.1   129151   128011 0.9912 0.0003
  16 1.1 1.3   128285   127308 0.9924 0.0002
  16 1.3 1.5   116458   115843 0.9947 0.0002
  16 1.5 2.0   225911   224867 0.9954 0.0001
  16 2.0 2.5   146395   145986 0.9972 0.0001
  16 2.5 3.0    80225    79926 0.9963 0.0002
  16 3.0 3.5    49913    49735 0.9964 0.0003
  16 3.5 4.0    33868    33768 0.9970 0.0003
  17 0.0 0.1     1141     1133 0.9930 0.0025
  17 0.1 0.3    13804    13659 0.9895 0.0009
  17 0.3 0.5    47159    46699 0.9902 0.0005
  17 0.5 0.7    90376    89467 0.9899 0.0003
  17 0.7 0.9   119043   118034 0.9915 0.0003
  17 0.9 1.1   130501   129571 0.9929 0.0002
  17 1.1 1.3   129536   128774 0.9941 0.0002
  17 1.3 1.5   117356   116792 0.9952 0.0002
  17 1.5 2.0   228121   227272 0.9963 0.0001
  17 2.0 2.5   147703   147365 0.9977 0.0001
  17 2.5 3.0    81454    81272 0.9978 0.0002
  17 3.0 3.5    51975    51861 0.9978 0.0002
  17 3.5 4.0    35282    35218 0.9982 0.0002
  18 0.0 0.1     1192     1165 0.9773 0.0043
  18 0.1 0.3    14269    13888 0.9733 0.0013
  18 0.3 0.5    49179    48011 0.9763 0.0007
  18 0.5 0.7    93584    91736 0.9803 0.0005
  18 0.7 0.9   124193   121610 0.9792 0.0004
  18 0.9 1.1   135760   133262 0.9816 0.0004
  18 1.1 1.3   133853   131776 0.9845 0.0003
  18 1.3 1.5   120380   118837 0.9872 0.0003
  18 1.5 2.0   233791   231290 0.9893 0.0002
  18 2.0 2.5   149725   148755 0.9935 0.0002
  18 2.5 3.0    83500    82859 0.9923 0.0003
  18 3.0 3.5    55292    54872 0.9924 0.0004
  18 3.5 4.0    37305    37135 0.9954 0.0003
  19 0.0 0.1     1238     1225 0.9895 0.0029
  19 0.1 0.3    14621    14489 0.9910 0.0008
  19 0.3 0.5    50483    50049 0.9914 0.0004
  19 0.5 0.7    96699    95944 0.9922 0.0003
  19 0.7 0.9   128276   127386 0.9931 0.0002
  19 0.9 1.1   139916   139057 0.9939 0.0002
  19 1.1 1.3   137386   136682 0.9949 0.0002
  19 1.3 1.5   123893   123364 0.9957 0.0002
  19 1.5 2.0   238524   237767 0.9968 0.0001
  19 2.0 2.5   151742   151399 0.9977 0.0001
  19 2.5 3.0    87435    87256 0.9980 0.0002
  19 3.0 3.5    57613    57494 0.9979 0.0002
  19 3.5 4.0    37918    37847 0.9981 0.0002
  20 0.0 0.1     1253     1241 0.9904 0.0027
  20 0.1 0.3    14829    14661 0.9887 0.0009
  20 0.3 0.5    51471    50654 0.9841 0.0005
  20 0.5 0.7    98278    96790 0.9849 0.0004
  20 0.7 0.9   130474   128232 0.9828 0.0004
  20 0.9 1.1   141989   139818 0.9847 0.0003
  20 1.1 1.3   138927   137156 0.9873 0.0003
  20 1.3 1.5   124854   123558 0.9896 0.0003
  20 1.5 2.0   239619   238002 0.9933 0.0002
  20 2.0 2.5   152134   151256 0.9942 0.0002
  20 2.5 3.0    87395    86964 0.9951 0.0002
  20 3.0 3.5    57628    57410 0.9962 0.0003
  20 3.5 4.0    37797    37703 0.9975 0.0003
  21 0.0 0.1     1224     1215 0.9926 0.0024
  21 0.1 0.3    14558    14464 0.9935 0.0007
  21 0.3 0.5    50675    50336 0.9933 0.0004
  21 0.5 0.7    96909    96347 0.9942 0.0002
  21 0.7 0.9   127683   127068 0.9952 0.0002
  21 0.9 1.1   138759   138187 0.9959 0.0002
  21 1.1 1.3   135634   135151 0.9964 0.0002
  21 1.3 1.5   121688   121340 0.9971 0.0002
  21 1.5 2.0   233617   233070 0.9977 0.0001
  21 2.0 2.5   147750   147514 0.9984 0.0001
  21 2.5 3.0    83782    83621 0.9981 0.0002
  21 3.0 3.5    55250    55167 0.9985 0.0002
  21 3.5 4.0    36210    36174 0.9990 0.0002
  22 0.0 0.1     1241     1225 0.9871 0.0032
  22 0.1 0.3    14856    14710 0.9902 0.0008
  22 0.3 0.5    51467    50814 0.9873 0.0005
  22 0.5 0.7    97967    96980 0.9899 0.0003
  22 0.7 0.9   129216   127940 0.9901 0.0003
  22 0.9 1.1   139945   138766 0.9916 0.0002
  22 1.1 1.3   136344   135425 0.9933 0.0002
  22 1.3 1.5   121726   121116 0.9950 0.0002
  22 1.5 2.0   233560   232596 0.9959 0.0001
  22 2.0 2.5   146855   146477 0.9974 0.0001
  22 2.5 3.0    83387    83054 0.9960 0.0002
  22 3.0 3.5    55167    54983 0.9967 0.0002
  22 3.5 4.0    36004    35921 0.9977 0.0003
  23 0.0 0.1     1199     1188 0.9908 0.0027
  23 0.1 0.3    14360    14251 0.9924 0.0007
  23 0.3 0.5    49408    49022 0.9922 0.0004
  23 0.5 0.7    94127    93504 0.9934 0.0003
  23 0.7 0.9   124060   123231 0.9933 0.0002
  23 0.9 1.1   134789   134063 0.9946 0.0002
  23 1.1 1.3   131857   131323 0.9960 0.0002
  23 1.3 1.5   118030   117630 0.9966 0.0002
  23 1.5 2.0   226441   225835 0.9973 0.0001
  23 2.0 2.5   143021   142762 0.9982 0.0001
  23 2.5 3.0    80690    80563 0.9984 0.0001
  23 3.0 3.5    53470    53373 0.9982 0.0002
  23 3.5 4.0    35161    35109 0.9985 0.0002
  24 0.0 0.1     1194     1158 0.9698 0.0049
  24 0.1 0.3    14410    14057 0.9755 0.0013
  24 0.3 0.5    49285    48211 0.9782 0.0007
  24 0.5 0.7    93734    91991 0.9814 0.0004
  24 0.7 0.9   123514   121127 0.9807 0.0004
  24 0.9 1.1   134021   131762 0.9831 0.0003
  24 1.1 1.3   131048   129222 0.9861 0.0003
  24 1.3 1.5   117459   115938 0.9871 0.0003
  24 1.5 2.0   224705   222291 0.9893 0.0002
  24 2.0 2.5   141737   140839 0.9937 0.0002
  24 2.5 3.0    80015    79088 0.9884 0.0004
  24 3.0 3.5    52505    52012 0.9906 0.0004
  24 3.5 4.0    34514    34325 0.9945 0.0004
  25 0.0 0.1     1154     1145 0.9922 0.0026
  25 0.1 0.3    14137    14040 0.9931 0.0007
  25 0.3 0.5    48501    48161 0.9930 0.0004
  25 0.5 0.7    92506    91983 0.9943 0.0002
  25 0.7 0.9   121296   120655 0.9947 0.0002
  25 0.9 1.1   131828   131256 0.9957 0.0002
  25 1.1 1.3   129068   128659 0.9968 0.0002
  25 1.3 1.5   115680   115346 0.9971 0.0002
  25 1.5 2.0   221156   220654 0.9977 0.0001
  25 2.0 2.5   139647   139397 0.9982 0.0001
  25 2.5 3.0    78158    78009 0.9981 0.0002
  25 3.0 3.5    51249    51170 0.9985 0.0002
  25 3.5 4.0    33695    33651 0.9987 0.0002
  26 0.0 0.1     1184     1137 0.9603 0.0056
  26 0.1 0.3    14355    13899 0.9682 0.0014
  26 0.3 0.5    49574    47895 0.9661 0.0008
  26 0.5 0.7    94409    91221 0.9662 0.0006
  26 0.7 0.9   124091   119693 0.9646 0.0005
  26 0.9 1.1   134183   129927 0.9683 0.0005
  26 1.1 1.3   130923   127170 0.9713 0.0005
  26 1.3 1.5   116938   113975 0.9747 0.0005
  26 1.5 2.0   223405   218013 0.9759 0.0003
  26 2.0 2.5   140212   137651 0.9817 0.0004
  26 2.5 3.0    78964    77183 0.9774 0.0005
  26 3.0 3.5    51941    50781 0.9777 0.0006
  26 3.5 4.0    33968    33486 0.9858 0.0006
  27 0.0 0.1     1173     1133 0.9659 0.0052
  27 0.1 0.3    14249    13937 0.9781 0.0012
  27 0.3 0.5    49097    47721 0.9720 0.0007
  27 0.5 0.7    93341    90842 0.9732 0.0005
  27 0.7 0.9   122508   119032 0.9716 0.0005
  27 0.9 1.1   132538   129183 0.9747 0.0004
  27 1.1 1.3   129250   126601 0.9795 0.0004
  27 1.3 1.5   115388   113575 0.9843 0.0004
  27 1.5 2.0   220277   217111 0.9856 0.0003
  27 2.0 2.5   138528   137334 0.9914 0.0002
  27 2.5 3.0    77270    76555 0.9907 0.0003
  27 3.0 3.5    51031    50286 0.9854 0.0005
  27 3.5 4.0    33653    33336 0.9906 0.0005
  28 0.0 0.1     1183     1160 0.9806 0.0040
  28 0.1 0.3    14388    14179 0.9855 0.0010
  28 0.3 0.5    48898    48131 0.9843 0.0006
  28 0.5 0.7    92572    91298 0.9862 0.0004
  28 0.7 0.9   121276   119576 0.9860 0.0003
  28 0.9 1.1   131009   129431 0.9880 0.0003
  28 1.1 1.3   127830   126595 0.9903 0.0003
  28 1.3 1.5   114444   113572 0.9924 0.0003
  28 1.5 2.0   218173   216855 0.9940 0.0002
  28 2.0 2.5   137499   137045 0.9967 0.0002
  28 2.5 3.0    76523    76258 0.9965 0.0002
  28 3.0 3.5    50313    50085 0.9955 0.0003
  28 3.5 4.0    33328    33224 0.9969 0.0003
  29 0.0 0.1     1157     1148 0.9922 0.0026
  29 0.1 0.3    14270    14136 0.9906 0.0008
  29 0.3 0.5    48238    47871 0.9924 0.0004
  29 0.5 0.7    91399    90754 0.9929 0.0003
  29 0.7 0.9   119281   118580 0.9941 0.0002
  29 0.9 1.1   129091   128422 0.9948 0.0002
  29 1.1 1.3   126291   125767 0.9959 0.0002
  29 1.3 1.5   113318   112925 0.9965 0.0002
  29 1.5 2.0   216395   215804 0.9973 0.0001
  29 2.0 2.5   136569   136326 0.9982 0.0001
  29 2.5 3.0    75774    75647 0.9983 0.0001
  29 3.0 3.5    49586    49510 0.9985 0.0002
  29 3.5 4.0    33084    33035 0.9985 0.0002
  30 0.0 0.1     1203     1179 0.9800 0.0040
  30 0.1 0.3    14662    14433 0.9844 0.0010
  30 0.3 0.5    49905    48940 0.9807 0.0006
  30 0.5 0.7    94462    92669 0.9810 0.0004
  30 0.7 0.9   123532   121177 0.9809 0.0004
  30 0.9 1.1   133059   130819 0.9832 0.0003
  30 1.1 1.3   129724   127916 0.9861 0.0003
  30 1.3 1.5   115700   114470 0.9894 0.0003
  30 1.5 2.0   220787   218764 0.9908 0.0002
  30 2.0 2.5   138560   137880 0.9951 0.0002
  30 2.5 3.0    77031    76545 0.9937 0.0003
  30 3.0 3.5    50632    50250 0.9925 0.0004
  30 3.5 4.0    33685    33522 0.9952 0.0004
  31 0.0 0.1     1210     1192 0.9851 0.0035
  31 0.1 0.3    14678    14494 0.9875 0.0009
  31 0.3 0.5    50065    49330 0.9853 0.0005
  31 0.5 0.7    94514    93212 0.9862 0.0004
  31 0.7 0.9   123617   121865 0.9858 0.0003
  31 0.9 1.1   132975   131307 0.9875 0.0003
  31 1.1 1.3   129276   127967 0.9899 0.0003
  31 1.3 1.5   115319   114234 0.9906 0.0003
  31 1.5 2.0   219822   218078 0.9921 0.0002
  31 2.0 2.5   137693   137052 0.9953 0.0002
  31 2.5 3.0    76360    75730 0.9917 0.0003
  31 3.0 3.5    50430    50100 0.9935 0.0004
  31 3.5 4.0    33664    33530 0.9960 0.0003
  32 0.0 0.1     1219     1193 0.9787 0.0041
  32 0.1 0.3    14768    14538 0.9844 0.0010
  32 0.3 0.5    50175    49208 0.9807 0.0006
  32 0.5 0.7    94387    92749 0.9826 0.0004
  32 0.7 0.9   123643   121250 0.9806 0.0004
  32 0.9 1.1   132413   130187 0.9832 0.0004
  32 1.1 1.3   128711   126937 0.9862 0.0003
  32 1.3 1.5   114568   113431 0.9901 0.0003
  32 1.5 2.0   218283   216343 0.9911 0.0002
  32 2.0 2.5   136755   136022 0.9946 0.0002
  32 2.5 3.0    75686    75081 0.9920 0.0003
  32 3.0 3.5    50079    49617 0.9908 0.0004
  32 3.5 4.0    33467    33278 0.9944 0.0004
  33 0.0 0.1     1187     1172 0.9874 0.0032
  33 0.1 0.3    14581    14411 0.9883 0.0009
  33 0.3 0.5    49262    48523 0.9850 0.0005
  33 0.5 0.7    92831    91506 0.9857 0.0004
  33 0.7 0.9   121042   119300 0.9856 0.0003
  33 0.9 1.1   129708   128074 0.9874 0.0003
  33 1.1 1.3   126613   125361 0.9901 0.0003
  33 1.3 1.5   113176   112103 0.9905 0.0003
  33 1.5 2.0   215487   213733 0.9919 0.0002
  33 2.0 2.5   135156   134468 0.9949 0.0002
  33 2.5 3.0    74747    74012 0.9902 0.0004
  33 3.0 3.5    49110    48700 0.9917 0.0004
  33 3.5 4.0    33067    32924 0.9957 0.0004
  34 0.0 0.1     1196     1177 0.9841 0.0036
  34 0.1 0.3    14603    14383 0.9849 0.0010
  34 0.3 0.5    49473    48587 0.9821 0.0006
  34 0.5 0.7    93417    91698 0.9816 0.0004
  34 0.7 0.9   121732   119406 0.9809 0.0004
  34 0.9 1.1   130338   128025 0.9823 0.0004
  34 1.1 1.3   126864   125055 0.9857 0.0003
  34 1.3 1.5   112973   111621 0.9880 0.0003
  34 1.5 2.0   214747   212400 0.9891 0.0002
  34 2.0 2.5   134462   133599 0.9936 0.0002
  34 2.5 3.0    74430    73546 0.9881 0.0004
  34 3.0 3.5    49245    48706 0.9891 0.0005
  34 3.5 4.0    33092    32888 0.9938 0.0004
  35 0.0 0.1     1211     1188 0.9810 0.0039
  35 0.1 0.3    14676    14459 0.9852 0.0010
  35 0.3 0.5    49930    48869 0.9788 0.0006
  35 0.5 0.7    93931    92162 0.9812 0.0004
  35 0.7 0.9   122384   120055 0.9810 0.0004
  35 0.9 1.1   130930   128548 0.9818 0.0004
  35 1.1 1.3   127039   125235 0.9858 0.0003
  35 1.3 1.5   113021   111803 0.9892 0.0003
  35 1.5 2.0   214271   212250 0.9906 0.0002
  35 2.0 2.5   134242   133512 0.9946 0.0002
  35 2.5 3.0    74316    73848 0.9937 0.0003
  35 3.0 3.5    49290    48823 0.9905 0.0004
  35 3.5 4.0    33282    33117 0.9950 0.0004
  36 0.0 0.1     1210     1184 0.9785 0.0041
  36 0.1 0.3    14778    14516 0.9823 0.0011
  36 0.3 0.5    50521    49475 0.9793 0.0006
  36 0.5 0.7    95309    93450 0.9805 0.0004
  36 0.7 0.9   124374   121841 0.9796 0.0004
  36 0.9 1.1   132853   130318 0.9809 0.0004
  36 1.1 1.3   128743   126823 0.9851 0.0003
  36 1.3 1.5   114165   112830 0.9883 0.0003
  36 1.5 2.0   216215   213865 0.9891 0.0002
  36 2.0 2.5   134714   133879 0.9938 0.0002
  36 2.5 3.0    74488    73829 0.9912 0.0003
  36 3.0 3.5    49454    48928 0.9894 0.0005
  36 3.5 4.0    33378    33170 0.9938 0.0004
  37 0.0 0.1     1187     1172 0.9874 0.0032
  37 0.1 0.3    14564    14387 0.9878 0.0009
  37 0.3 0.5    49672    48995 0.9864 0.0005
  37 0.5 0.7    93630    92487 0.9878 0.0004
  37 0.7 0.9   122245   120695 0.9873 0.0003
  37 0.9 1.1   130261   128876 0.9894 0.0003
  37 1.1 1.3   126233   125164 0.9915 0.0003
  37 1.3 1.5   112163   111396 0.9932 0.0002
  37 1.5 2.0   212495   211079 0.9933 0.0002
  37 2.0 2.5   132859   132323 0.9960 0.0002
  37 2.5 3.0    74217    73809 0.9945 0.0003
  37 3.0 3.5    49213    48939 0.9944 0.0003
  37 3.5 4.0    33311    33218 0.9972 0.0003
  38 0.0 0.1     1176     1164 0.9898 0.0029
  38 0.1 0.3    14235    14104 0.9908 0.0008
  38 0.3 0.5    49403    48851 0.9888 0.0005
  38 0.5 0.7    93708    92644 0.9886 0.0003
  38 0.7 0.9   122261   120936 0.9892 0.0003
  38 0.9 1.1   130448   129190 0.9904 0.0003
  38 1.1 1.3   125896   124919 0.9922 0.0002
  38 1.3 1.5   111893   111069 0.9926 0.0003
  38 1.5 2.0   211791   210499 0.9939 0.0002
  38 2.0 2.5   131987   131517 0.9964 0.0002
  38 2.5 3.0    73902    73484 0.9943 0.0003
  38 3.0 3.5    49071    48831 0.9951 0.0003
  38 3.5 4.0    33157    33051 0.9968 0.0003
  39 0.0 0.1     1217     1180 0.9696 0.0048
  39 0.1 0.3    14565    14271 0.9798 0.0012
  39 0.3 0.5    50614    49779 0.9835 0.0006
  39 0.5 0.7    95487    94127 0.9858 0.0004
  39 0.7 0.9   124370   122699 0.9866 0.0003
  39 0.9 1.1   132439   130933 0.9886 0.0003
  39 1.1 1.3   127079   126019 0.9917 0.0003
  39 1.3 1.5   112408   111610 0.9929 0.0002
  39 1.5 2.0   212380   211053 0.9938 0.0002
  39 2.0 2.5   131743   131243 0.9962 0.0002
  39 2.5 3.0    74250    73886 0.9951 0.0003
  39 3.0 3.5    49921    49648 0.9945 0.0003
  39 3.5 4.0    33674    33583 0.9973 0.0003
  40 0.0 0.1     1211     1193 0.9851 0.0035
  40 0.1 0.3    14457    14301 0.9892 0.0009
  40 0.3 0.5    50803    50167 0.9875 0.0005
  40 0.5 0.7    96022    94943 0.9888 0.0003
  40 0.7 0.9   125150   123796 0.9892 0.0003
  40 0.9 1.1   133224   131980 0.9907 0.0003
  40 1.1 1.3   127563   126583 0.9923 0.0002
  40 1.3 1.5   112370   111699 0.9940 0.0002
  40 1.5 2.0   212140   211101 0.9951 0.0002
  40 2.0 2.5   131154   130736 0.9968 0.0002
  40 2.5 3.0    73996    73744 0.9966 0.0002
  40 3.0 3.5    49978    49773 0.9959 0.0003
  40 3.5 4.0    33612    33522 0.9973 0.0003
  41 0.0 0.1     1238     1217 0.9830 0.0036
  41 0.1 0.3    14933    14508 0.9715 0.0013
  41 0.3 0.5    51894    51079 0.9843 0.0005
  41 0.5 0.7    97726    96702 0.9895 0.0003
  41 0.7 0.9   127441   126062 0.9892 0.0003
  41 0.9 1.1   135360   134090 0.9906 0.0003
  41 1.1 1.3   129391   128372 0.9921 0.0002
  41 1.3 1.5   113818   113033 0.9931 0.0002
  41 1.5 2.0   214640   213444 0.9944 0.0002
  41 2.0 2.5   132464   131938 0.9960 0.0002
  41 2.5 3.0    74850    74441 0.9945 0.0003
  41 3.0 3.5    50531    50313 0.9957 0.0003
  41 3.5 4.0    33992    33897 0.9972 0.0003
  42 0.0 0.1     1204     1198 0.9950 0.0020
  42 0.1 0.3    14402    14320 0.9943 0.0006
  42 0.3 0.5    50748    50511 0.9953 0.0003
  42 0.5 0.7    96246    95856 0.9959 0.0002
  42 0.7 0.9   125283   124803 0.9962 0.0002
  42 0.9 1.1   133181   132769 0.9969 0.0002
  42 1.1 1.3   127385   127023 0.9972 0.0001
  42 1.3 1.5   112164   111860 0.9973 0.0002
  42 1.5 2.0   211540   211061 0.9977 0.0001
  42 2.0 2.5   130929   130699 0.9982 0.0001
  42 2.5 3.0    74131    73982 0.9980 0.0002
  42 3.0 3.5    50294    50221 0.9985 0.0002
  42 3.5 4.0    34022    33975 0.9986 0.0002
  43 0.0 0.1     1241     1232 0.9927 0.0024
  43 0.1 0.3    14737    14529 0.9859 0.0010
  43 0.3 0.5    51895    51280 0.9881 0.0005
  43 0.5 0.7    98109    97130 0.9900 0.0003
  43 0.7 0.9   127522   126261 0.9901 0.0003
  43 0.9 1.1   135473   134167 0.9904 0.0003
  43 1.1 1.3   128946   127912 0.9920 0.0002
  43 1.3 1.5   113184   112310 0.9923 0.0003
  43 1.5 2.0   213389   211955 0.9933 0.0002
  43 2.0 2.5   131761   131032 0.9945 0.0002
  43 2.5 3.0    74688    74198 0.9934 0.0003
  43 3.0 3.5    50952    50699 0.9950 0.0003
  43 3.5 4.0    34415    34325 0.9974 0.0003
  44 0.0 0.1     1243     1237 0.9952 0.0020
  44 0.1 0.3    14665    14595 0.9952 0.0006
  44 0.3 0.5    51728    51485 0.9953 0.0003
  44 0.5 0.7    97794    97432 0.9963 0.0002
  44 0.7 0.9   126992   126559 0.9966 0.0002
  44 0.9 1.1   134502   134055 0.9967 0.0002
  44 1.1 1.3   128057   127707 0.9973 0.0001
  44 1.3 1.5   112179   111829 0.9969 0.0002
  44 1.5 2.0   211648   211146 0.9976 0.0001
  44 2.0 2.5   130462   130213 0.9981 0.0001
  44 2.5 3.0    73960    73815 0.9980 0.0002
  44 3.0 3.5    50651    50576 0.9985 0.0002
  44 3.5 4.0    34339    34309 0.9991 0.0002
  45 0.0 0.1     1233     1214 0.9846 0.0035
  45 0.1 0.3    14835    14598 0.9840 0.0010
  45 0.3 0.5    51725    51021 0.9864 0.0005
  45 0.5 0.7    97236    96159 0.9889 0.0003
  45 0.7 0.9   126322   124882 0.9886 0.0003
  45 0.9 1.1   133410   132149 0.9905 0.0003
  45 1.1 1.3   126968   125887 0.9915 0.0003
  45 1.3 1.5   110373   109573 0.9928 0.0003
  45 1.5 2.0   208222   207014 0.9942 0.0002
  45 2.0 2.5   128272   127747 0.9959 0.0002
  45 2.5 3.0    72212    71845 0.9949 0.0003
  45 3.0 3.5    50049    49849 0.9960 0.0003
  45 3.5 4.0    34276    34191 0.9975 0.0003
  46 0.0 0.1     1205     1193 0.9900 0.0028
  46 0.1 0.3    14422    14323 0.9931 0.0007
  46 0.3 0.5    50565    50266 0.9941 0.0003
  46 0.5 0.7    95362    94812 0.9942 0.0002
  46 0.7 0.9   123793   123038 0.9939 0.0002
  46 0.9 1.1   130861   130178 0.9948 0.0002
  46 1.1 1.3   124998   124394 0.9952 0.0002
  46 1.3 1.5   108849   108312 0.9951 0.0002
  46 1.5 2.0   205851   205063 0.9962 0.0001
  46 2.0 2.5   127202   126811 0.9969 0.0002
  46 2.5 3.0    71256    71004 0.9965 0.0002
  46 3.0 3.5    49336    49172 0.9967 0.0003
  46 3.5 4.0    34061    33983 0.9977 0.0003
  47 0.0 0.1     1208     1199 0.9925 0.0025
  47 0.1 0.3    14501    14420 0.9944 0.0006
  47 0.3 0.5    50867    50474 0.9923 0.0004
  47 0.5 0.7    95584    94941 0.9933 0.0003
  47 0.7 0.9   123891   123068 0.9934 0.0002
  47 0.9 1.1   131091   130291 0.9939 0.0002
  47 1.1 1.3   125060   124389 0.9946 0.0002
  47 1.3 1.5   109084   108484 0.9945 0.0002
  47 1.5 2.0   206418   205518 0.9956 0.0001
  47 2.0 2.5   128165   127681 0.9962 0.0002
  47 2.5 3.0    72381    72080 0.9958 0.0002
  47 3.0 3.5    50151    49978 0.9966 0.0003
  47 3.5 4.0    34530    34470 0.9983 0.0002
  48 0.0 0.1     1232     1188 0.9643 0.0052
  48 0.1 0.3    14739    14384 0.9759 0.0012
  48 0.3 0.5    51549    50344 0.9766 0.0007
  48 0.5 0.7    96559    94413 0.9778 0.0005
  48 0.7 0.9   125315   122548 0.9779 0.0004
  48 0.9 1.1   132296   129623 0.9798 0.0004
  48 1.1 1.3   126055   123839 0.9824 0.0004
  48 1.3 1.5   110139   107935 0.9800 0.0004
  48 1.5 2.0   208170   204553 0.9826 0.0003
  48 2.0 2.5   129217   127335 0.9854 0.0003
  48 2.5 3.0    73865    71863 0.9729 0.0006
  48 3.0 3.5    50881    49880 0.9803 0.0006
  48 3.5 4.0    34784    34402 0.9890 0.0006
  49 0.0 0.1     1220     1192 0.9770 0.0042
  49 0.1 0.3    14850    14432 0.9719 0.0013
  49 0.3 0.5    51568    50430 0.9779 0.0006
  49 0.5 0.7    96127    94304 0.9810 0.0004
  49 0.7 0.9   124800   122462 0.9813 0.0004
  49 0.9 1.1   131525   129317 0.9832 0.0004
  49 1.1 1.3   125058   123424 0.9869 0.0003
  49 1.3 1.5   108588   107363 0.9887 0.0003
  49 1.5 2.0   205097   203024 0.9899 0.0002
  49 2.0 2.5   127248   126408 0.9934 0.0002
  49 2.5 3.0    71430    70906 0.9927 0.0003
  49 3.0 3.5    50110    49606 0.9899 0.0004
  49 3.5 4.0    34370    34153 0.9937 0.0004
  50 0.0 0.1     1204     1197 0.9942 0.0022
  50 0.1 0.3    14589    14478 0.9924 0.0007
  50 0.3 0.5    51025    50622 0.9921 0.0004
  50 0.5 0.7    95408    94669 0.9923 0.0003
  50 0.7 0.9   123949   122929 0.9918 0.0003
  50 0.9 1.1   130739   129814 0.9929 0.0002
  50 1.1 1.3   124336   123680 0.9947 0.0002
  50 1.3 1.5   108058   107533 0.9951 0.0002
  50 1.5 2.0   204427   203535 0.9956 0.0001
  50 2.0 2.5   126927   126608 0.9975 0.0001
  50 2.5 3.0    70998    70807 0.9973 0.0002
  50 3.0 3.5    49734    49590 0.9971 0.0002
  50 3.5 4.0    34166    34105 0.9982 0.0002
  51 0.0 0.1     1206     1191 0.9876 0.0032
  51 0.1 0.3    14426    14340 0.9940 0.0006
  51 0.3 0.5    50466    50086 0.9925 0.0004
  51 0.5 0.7    94376    93606 0.9918 0.0003
  51 0.7 0.9   122401   121475 0.9924 0.0002
  51 0.9 1.1   129281   128401 0.9932 0.0002
  51 1.1 1.3   123106   122402 0.9943 0.0002
  51 1.3 1.5   107010   106451 0.9948 0.0002
  51 1.5 2.0   202109   201212 0.9956 0.0001
  51 2.0 2.5   126171   125766 0.9968 0.0002
  51 2.5 3.0    70864    70639 0.9968 0.0002
  51 3.0 3.5    49835    49682 0.9969 0.0002
  51 3.5 4.0    34185    34105 0.9977 0.0003
  52 0.0 0.1     1255     1241 0.9888 0.0029
  52 0.1 0.3    14928    14734 0.9870 0.0009
  52 0.3 0.5    51965    51337 0.9879 0.0005
  52 0.5 0.7    96996    95912 0.9888 0.0003
  52 0.7 0.9   125634   124284 0.9893 0.0003
  52 0.9 1.1   132616   131253 0.9897 0.0003
  52 1.1 1.3   126005   124919 0.9914 0.0003
  52 1.3 1.5   109850   108855 0.9909 0.0003
  52 1.5 2.0   207143   205642 0.9928 0.0002
  52 2.0 2.5   128836   128080 0.9941 0.0002
  52 2.5 3.0    73309    72648 0.9910 0.0003
  52 3.0 3.5    51000    50686 0.9938 0.0003
  52 3.5 4.0    34643    34521 0.9965 0.0003
  53 0.0 0.1     1249     1240 0.9928 0.0024
  53 0.1 0.3    14955    14847 0.9928 0.0007
  53 0.3 0.5    51746    51343 0.9922 0.0004
  53 0.5 0.7    96297    95582 0.9926 0.0003
  53 0.7 0.9   124760   123849 0.9927 0.0002
  53 0.9 1.1   131252   130487 0.9942 0.0002
  53 1.1 1.3   124336   123712 0.9950 0.0002
  53 1.3 1.5   108237   107636 0.9944 0.0002
  53 1.5 2.0   203718   202859 0.9958 0.0001
  53 2.0 2.5   126859   126461 0.9969 0.0002
  53 2.5 3.0    72694    72299 0.9946 0.0003
  53 3.0 3.5    51137    50960 0.9965 0.0003
  53 3.5 4.0    34778    34697 0.9977 0.0003
  54 0.0 0.1     1241     1228 0.9895 0.0029
  54 0.1 0.3    14929    14763 0.9889 0.0009
  54 0.3 0.5    51664    50954 0.9863 0.0005
  54 0.5 0.7    95878    94702 0.9877 0.0004
  54 0.7 0.9   124312   122719 0.9872 0.0003
  54 0.9 1.1   130751   129299 0.9889 0.0003
  54 1.1 1.3   123799   122687 0.9910 0.0003
  54 1.3 1.5   107621   106823 0.9926 0.0003
  54 1.5 2.0   202767   201371 0.9931 0.0002
  54 2.0 2.5   126356   125821 0.9958 0.0002
  54 2.5 3.0    72239    71828 0.9943 0.0003
  54 3.0 3.5    50896    50602 0.9942 0.0003
  54 3.5 4.0    34464    34341 0.9964 0.0003
  55 0.0 0.1     1256     1247 0.9928 0.0024
  55 0.1 0.3    14904    14777 0.9915 0.0007
  55 0.3 0.5    51760    51220 0.9896 0.0004
  55 0.5 0.7    96215    95354 0.9911 0.0003
  55 0.7 0.9   124758   123552 0.9903 0.0003
  55 0.9 1.1   131341   130249 0.9917 0.0002
  55 1.1 1.3   124389   123513 0.9930 0.0002
  55 1.3 1.5   108319   107611 0.9935 0.0002
  55 1.5 2.0   203888   202787 0.9946 0.0002
  55 2.0 2.5   127117   126664 0.9964 0.0002
  55 2.5 3.0    73016    72651 0.9950 0.0003
  55 3.0 3.5    51417    51173 0.9953 0.0003
  55 3.5 4.0    34747    34671 0.9978 0.0003
  56 0.0 0.1     1274     1266 0.9937 0.0022
  56 0.1 0.3    15093    15009 0.9944 0.0006
  56 0.3 0.5    52111    51826 0.9945 0.0003
  56 0.5 0.7    96821    96326 0.9949 0.0002
  56 0.7 0.9   125196   124646 0.9956 0.0002
  56 0.9 1.1   131891   131385 0.9962 0.0002
  56 1.1 1.3   124781   124378 0.9968 0.0002
  56 1.3 1.5   108937   108616 0.9971 0.0002
  56 1.5 2.0   205077   204570 0.9975 0.0001
  56 2.0 2.5   127916   127700 0.9983 0.0001
  56 2.5 3.0    73664    73531 0.9982 0.0002
  56 3.0 3.5    51620    51548 0.9986 0.0002
  56 3.5 4.0    34787    34738 0.9986 0.0002
  57 0.0 0.1     1263     1246 0.9865 0.0032
  57 0.1 0.3    15037    14823 0.9858 0.0010
  57 0.3 0.5    52024    51119 0.9826 0.0006
  57 0.5 0.7    96318    94769 0.9839 0.0004
  57 0.7 0.9   124543   122517 0.9837 0.0004
  57 0.9 1.1   130685   128861 0.9860 0.0003
  57 1.1 1.3   123370   122023 0.9891 0.0003
  57 1.3 1.5   107547   106571 0.9909 0.0003
  57 1.5 2.0   202275   200549 0.9915 0.0002
  57 2.0 2.5   126155   125507 0.9949 0.0002
  57 2.5 3.0    73201    72798 0.9945 0.0003
  57 3.0 3.5    51426    51097 0.9936 0.0004
  57 3.5 4.0    34543    34385 0.9954 0.0004
  58 0.0 0.1     1247     1243 0.9968 0.0016
  58 0.1 0.3    14886    14788 0.9934 0.0007
  58 0.3 0.5    51512    51216 0.9943 0.0003
  58 0.5 0.7    95413    94882 0.9944 0.0002
  58 0.7 0.9   123320   122637 0.9945 0.0002
  58 0.9 1.1   129345   128719 0.9952 0.0002
  58 1.1 1.3   122435   121925 0.9958 0.0002
  58 1.3 1.5   106628   106248 0.9964 0.0002
  58 1.5 2.0   200623   200071 0.9972 0.0001
  58 2.0 2.5   125560   125277 0.9977 0.0001
  58 2.5 3.0    72968    72803 0.9977 0.0002
  58 3.0 3.5    51222    51115 0.9979 0.0002
  58 3.5 4.0    34292    34247 0.9987 0.0002
  59 0.0 0.1     1231     1225 0.9951 0.0020
  59 0.1 0.3    14669    14546 0.9916 0.0007
  59 0.3 0.5    51199    50652 0.9893 0.0005
  59 0.5 0.7    94875    93852 0.9892 0.0003
  59 0.7 0.9   122608   121135 0.9880 0.0003
  59 0.9 1.1   128389   127036 0.9895 0.0003
  59 1.1 1.3   121371   120281 0.9910 0.0003
  59 1.3 1.5   105608   104893 0.9932 0.0003
  59 1.5 2.0   198184   197398 0.9960 0.0001
  59 2.0 2.5   124323   123933 0.9969 0.0002
  59 2.5 3.0    72730    72536 0.9973 0.0002
  59 3.0 3.5    51042    50974 0.9987 0.0002
  59 3.5 4.0    34213    34172 0.9988 0.0002
  60 0.0 0.1     1226     1215 0.9910 0.0027
  60 0.1 0.3    14610    14480 0.9911 0.0008
  60 0.3 0.5    51003    50532 0.9908 0.0004
  60 0.5 0.7    94615    93707 0.9904 0.0003
  60 0.7 0.9   121999   120781 0.9900 0.0003
  60 0.9 1.1   127780   126569 0.9905 0.0003
  60 1.1 1.3   120966   120008 0.9921 0.0003
  60 1.3 1.5   105319   104539 0.9926 0.0003
  60 1.5 2.0   198062   196725 0.9932 0.0002
  60 2.0 2.5   124065   123502 0.9955 0.0002
  60 2.5 3.0    72465    72091 0.9948 0.0003
  60 3.0 3.5    50784    50560 0.9956 0.0003
  60 3.5 4.0    34045    33929 0.9966 0.0003
  61 0.0 0.1     1221     1206 0.9877 0.0031
  61 0.1 0.3    14556    14362 0.9867 0.0009
  61 0.3 0.5    51393    50799 0.9884 0.0005
  61 0.5 0.7    95731    94734 0.9896 0.0003
  61 0.7 0.9   123687   122368 0.9893 0.0003
  61 0.9 1.1   129616   128261 0.9895 0.0003
  61 1.1 1.3   122361   121310 0.9914 0.0003
  61 1.3 1.5   106402   105494 0.9915 0.0003
  61 1.5 2.0   200251   198830 0.9929 0.0002
  61 2.0 2.5   125540   124876 0.9947 0.0002
  61 2.5 3.0    73774    73425 0.9953 0.0003
  61 3.0 3.5    51828    51626 0.9961 0.0003
  61 3.5 4.0    34743    34632 0.9968 0.0003
  62 0.0 0.1     1218     1196 0.9819 0.0038
  62 0.1 0.3    14536    14233 0.9792 0.0012
  62 0.3 0.5    51433    50499 0.9818 0.0006
  62 0.5 0.7    95902    94378 0.9841 0.0004
  62 0.7 0.9   123804   121839 0.9841 0.0004
  62 0.9 1.1   129879   127967 0.9853 0.0003
  62 1.1 1.3   122625   121127 0.9878 0.0003
  62 1.3 1.5   106516   105399 0.9895 0.0003
  62 1.5 2.0   200583   198682 0.9905 0.0002
  62 2.0 2.5   125802   125021 0.9938 0.0002
  62 2.5 3.0    73692    73201 0.9933 0.0003
  62 3.0 3.5    51816    51485 0.9936 0.0003
  62 3.5 4.0    34705    34545 0.9954 0.0004
  63 0.0 0.1     1205     1185 0.9834 0.0036
  63 0.1 0.3    14316    14145 0.9881 0.0009
  63 0.3 0.5    50794    50223 0.9888 0.0005
  63 0.5 0.7    94588    93751 0.9912 0.0003
  63 0.7 0.9   122406   121209 0.9902 0.0003
  63 0.9 1.1   128055   126964 0.9915 0.0003
  63 1.1 1.3   120736   119991 0.9938 0.0002
  63 1.3 1.5   104732   104096 0.9939 0.0002
  63 1.5 2.0   196792   195807 0.9950 0.0002
  63 2.0 2.5   123691   123316 0.9970 0.0002
  63 2.5 3.0    72899    72575 0.9956 0.0002
  63 3.0 3.5    51299    51104 0.9962 0.0003
  63 3.5 4.0    34370    34280 0.9974 0.0003
  64 0.0 0.1     1189     1184 0.9958 0.0019
  64 0.1 0.3    14255    14135 0.9916 0.0008
  64 0.3 0.5    50662    50194 0.9908 0.0004
  64 0.5 0.7    94314    93594 0.9924 0.0003
  64 0.7 0.9   121909   121014 0.9927 0.0002
  64 0.9 1.1   127577   126846 0.9943 0.0002
  64 1.1 1.3   120057   119508 0.9954 0.0002
  64 1.3 1.5   104091   103652 0.9958 0.0002
  64 1.5 2.0   195665   195003 0.9966 0.0001
  64 2.0 2.5   122909   122602 0.9975 0.0001
  64 2.5 3.0    72116    71896 0.9969 0.0002
  64 3.0 3.5    50641    50520 0.9976 0.0002
  64 3.5 4.0    33967    33899 0.9980 0.0002
  65 0.0 0.1     1204     1189 0.9875 0.0032
  65 0.1 0.3    14466    14216 0.9827 0.0011
  65 0.3 0.5    50907    50238 0.9869 0.0005
  65 0.5 0.7    94800    93697 0.9884 0.0003
  65 0.7 0.9   122757   121304 0.9882 0.0003
  65 0.9 1.1   128514   127220 0.9899 0.0003
  65 1.1 1.3   120772   119775 0.9917 0.0003
  65 1.3 1.5   104829   104027 0.9923 0.0003
  65 1.5 2.0   196700   195426 0.9935 0.0002
  65 2.0 2.5   123701   123143 0.9955 0.0002
  65 2.5 3.0    72848    72302 0.9925 0.0003
  65 3.0 3.5    50910    50627 0.9944 0.0003
  65 3.5 4.0    34190    34043 0.9957 0.0004
  66 0.0 0.1     1199     1192 0.9942 0.0022
  66 0.1 0.3    14580    14448 0.9909 0.0008
  66 0.3 0.5    51225    50776 0.9912 0.0004
  66 0.5 0.7    95272    94479 0.9917 0.0003
  66 0.7 0.9   123086   122282 0.9935 0.0002
  66 0.9 1.1   128804   128045 0.9941 0.0002
  66 1.1 1.3   120875   120366 0.9958 0.0002
  66 1.3 1.5   104872   104396 0.9955 0.0002
  66 1.5 2.0   196597   195965 0.9968 0.0001
  66 2.0 2.5   123797   123535 0.9979 0.0001
  66 2.5 3.0    72582    72374 0.9971 0.0002
  66 3.0 3.5    50683    50587 0.9981 0.0002
  66 3.5 4.0    34098    34044 0.9984 0.0002
  67 0.0 0.1     1228     1220 0.9935 0.0023
  67 0.1 0.3    14725    14624 0.9931 0.0007
  67 0.3 0.5    51644    51310 0.9935 0.0004
  67 0.5 0.7    96035    95353 0.9929 0.0003
  67 0.7 0.9   124485   123570 0.9926 0.0002
  67 0.9 1.1   130116   129355 0.9942 0.0002
  67 1.1 1.3   122150   121534 0.9950 0.0002
  67 1.3 1.5   105891   105388 0.9952 0.0002
  67 1.5 2.0   198530   197786 0.9963 0.0001
  67 2.0 2.5   124947   124585 0.9971 0.0002
  67 2.5 3.0    73413    73147 0.9964 0.0002
  67 3.0 3.5    50987    50854 0.9974 0.0002
  67 3.5 4.0    34111    34053 0.9983 0.0002
  68 0.0 0.1     1226     1215 0.9910 0.0027
  68 0.1 0.3    14817    14724 0.9937 0.0006
  68 0.3 0.5    52081    51636 0.9915 0.0004
  68 0.5 0.7    96419    95726 0.9928 0.0003
  68 0.7 0.9   124893   124021 0.9930 0.0002
  68 0.9 1.1   130741   129891 0.9935 0.0002
  68 1.1 1.3   122674   122060 0.9950 0.0002
  68 1.3 1.5   106272   105838 0.9959 0.0002
  68 1.5 2.0   199249   198520 0.9963 0.0001
  68 2.0 2.5   125438   125157 0.9978 0.0001
  68 2.5 3.0    73490    73323 0.9977 0.0002
  68 3.0 3.5    51057    50919 0.9973 0.0002
  68 3.5 4.0    34111    34065 0.9987 0.0002
  69 0.0 0.1     1240     1221 0.9847 0.0035
  69 0.1 0.3    14883    14788 0.9936 0.0007
  69 0.3 0.5    51700    51310 0.9925 0.0004
  69 0.5 0.7    95849    95128 0.9925 0.0003
  69 0.7 0.9   123932   123073 0.9931 0.0002
  69 0.9 1.1   129303   128505 0.9938 0.0002
  69 1.1 1.3   121189   120635 0.9954 0.0002
  69 1.3 1.5   105108   104724 0.9963 0.0002
  69 1.5 2.0   197167   196542 0.9968 0.0001
  69 2.0 2.5   124353   124126 0.9982 0.0001
  69 2.5 3.0    73199    73085 0.9984 0.0001
  69 3.0 3.5    50952    50835 0.9977 0.0002
  69 3.5 4.0    34232    34181 0.9985 0.0002
  70 0.0 0.1     1199     1192 0.9942 0.0022
  70 0.1 0.3    14750    14628 0.9917 0.0007
  70 0.3 0.5    50652    50222 0.9915 0.0004
  70 0.5 0.7    93764    93031 0.9922 0.0003
  70 0.7 0.9   120970   119998 0.9920 0.0003
  70 0.9 1.1   126170   125261 0.9928 0.0002
  70 1.1 1.3   118528   117869 0.9944 0.0002
  70 1.3 1.5   102979   102444 0.9948 0.0002
  70 1.5 2.0   192967   192139 0.9957 0.0001
  70 2.0 2.5   122167   121823 0.9972 0.0002
  70 2.5 3.0    71970    71760 0.9971 0.0002
  70 3.0 3.5    49867    49681 0.9963 0.0003
  70 3.5 4.0    33621    33532 0.9974 0.0003
  71 0.0 0.1     1221     1210 0.9910 0.0027
  71 0.1 0.3    14895    14773 0.9918 0.0007
  71 0.3 0.5    51184    50752 0.9916 0.0004
  71 0.5 0.7    94889    94115 0.9918 0.0003
  71 0.7 0.9   122816   121855 0.9922 0.0003
  71 0.9 1.1   128218   127338 0.9931 0.0002
  71 1.1 1.3   120509   119853 0.9946 0.0002
  71 1.3 1.5   104918   104438 0.9954 0.0002
  71 1.5 2.0   196813   196072 0.9962 0.0001
  71 2.0 2.5   124768   124450 0.9975 0.0001
  71 2.5 3.0    73654    73490 0.9978 0.0002
  71 3.0 3.5    50921    50777 0.9972 0.0002
  71 3.5 4.0    34158    34105 0.9984 0.0002
  72 0.0 0.1     1202     1197 0.9958 0.0019
  72 0.1 0.3    14687    14556 0.9911 0.0008
  72 0.3 0.5    50500    49787 0.9859 0.0005
  72 0.5 0.7    93504    92476 0.9890 0.0003
  72 0.7 0.9   120986   119563 0.9882 0.0003
  72 0.9 1.1   126548   125174 0.9891 0.0003
  72 1.1 1.3   119013   117949 0.9911 0.0003
  72 1.3 1.5   103347   102664 0.9934 0.0003
  72 1.5 2.0   193854   192940 0.9953 0.0002
  72 2.0 2.5   123248   122778 0.9962 0.0002
  72 2.5 3.0    72493    72214 0.9962 0.0002
  72 3.0 3.5    50269    50142 0.9975 0.0002
  72 3.5 4.0    33931    33844 0.9974 0.0003
  73 0.0 0.1     1238     1213 0.9798 0.0040
  73 0.1 0.3    14779    14580 0.9865 0.0009
  73 0.3 0.5    51005    50030 0.9809 0.0006
  73 0.5 0.7    94605    92884 0.9818 0.0004
  73 0.7 0.9   122259   120005 0.9816 0.0004
  73 0.9 1.1   127682   125616 0.9838 0.0004
  73 1.1 1.3   119859   118327 0.9872 0.0003
  73 1.3 1.5   104094   103020 0.9897 0.0003
  73 1.5 2.0   195775   193687 0.9893 0.0002
  73 2.0 2.5   123920   123157 0.9938 0.0002
  73 2.5 3.0    73237    72581 0.9910 0.0003
  73 3.0 3.5    51102    50577 0.9897 0.0004
  73 3.5 4.0    34364    34166 0.9942 0.0004
  74 0.0 0.1     1232     1210 0.9821 0.0037
  74 0.1 0.3    14862    14590 0.9817 0.0011
  74 0.3 0.5    50690    50037 0.9871 0.0005
  74 0.5 0.7    93802    92897 0.9904 0.0003
  74 0.7 0.9   120977   119998 0.9919 0.0003
  74 0.9 1.1   126270   125505 0.9939 0.0002
  74 1.1 1.3   118629   118069 0.9953 0.0002
  74 1.3 1.5   103106   102747 0.9965 0.0002
  74 1.5 2.0   193627   193156 0.9976 0.0001
  74 2.0 2.5   122828   122648 0.9985 0.0001
  74 2.5 3.0    72155    72042 0.9984 0.0001
  74 3.0 3.5    50190    50135 0.9989 0.0001
  74 3.5 4.0    33997    33967 0.9991 0.0002
  75 0.0 0.1     1217     1203 0.9885 0.0030
  75 0.1 0.3    14733    14581 0.9897 0.0008
  75 0.3 0.5    50617    49942 0.9867 0.0005
  75 0.5 0.7    93814    92692 0.9880 0.0004
  75 0.7 0.9   120964   119450 0.9875 0.0003
  75 0.9 1.1   126276   124843 0.9887 0.0003
  75 1.1 1.3   118234   117145 0.9908 0.0003
  75 1.3 1.5   102712   101858 0.9917 0.0003
  75 1.5 2.0   192835   191443 0.9928 0.0002
  75 2.0 2.5   122445   121894 0.9955 0.0002
  75 2.5 3.0    72400    71806 0.9918 0.0003
  75 3.0 3.5    50446    50095 0.9930 0.0004
  75 3.5 4.0    34071    33936 0.9960 0.0003
  76 0.0 0.1     1205     1201 0.9967 0.0017
  76 0.1 0.3    14690    14584 0.9928 0.0007
  76 0.3 0.5    50457    50144 0.9938 0.0003
  76 0.5 0.7    93343    92807 0.9943 0.0002
  76 0.7 0.9   120170   119471 0.9942 0.0002
  76 0.9 1.1   125241   124649 0.9953 0.0002
  76 1.1 1.3   117363   116902 0.9961 0.0002
  76 1.3 1.5   101853   101484 0.9964 0.0002
  76 1.5 2.0   190770   190225 0.9971 0.0001
  76 2.0 2.5   121498   121244 0.9979 0.0001
  76 2.5 3.0    71296    71110 0.9974 0.0002
  76 3.0 3.5    49861    49745 0.9977 0.0002
  76 3.5 4.0    33672    33622 0.9985 0.0002
  77 0.0 0.1     1239     1233 0.9952 0.0020
  77 0.1 0.3    14849    14768 0.9945 0.0006
  77 0.3 0.5    51363    51125 0.9954 0.0003
  77 0.5 0.7    95013    94617 0.9958 0.0002
  77 0.7 0.9   122509   121996 0.9958 0.0002
  77 0.9 1.1   127904   127402 0.9961 0.0002
  77 1.1 1.3   119528   119174 0.9970 0.0002
  77 1.3 1.5   103715   103411 0.9971 0.0002
  77 1.5 2.0   194381   193885 0.9974 0.0001
  77 2.0 2.5   123402   123161 0.9980 0.0001
  77 2.5 3.0    72393    72210 0.9975 0.0002
  77 3.0 3.5    50450    50351 0.9980 0.0002
  77 3.5 4.0    33898    33848 0.9985 0.0002
  78 0.0 0.1     1251     1241 0.9920 0.0025
  78 0.1 0.3    15012    14928 0.9944 0.0006
  78 0.3 0.5    51701    51373 0.9937 0.0003
  78 0.5 0.7    95420    94822 0.9937 0.0003
  78 0.7 0.9   122868   121987 0.9928 0.0002
  78 0.9 1.1   127957   127220 0.9942 0.0002
  78 1.1 1.3   119552   118959 0.9950 0.0002
  78 1.3 1.5   103526   103073 0.9956 0.0002
  78 1.5 2.0   193861   193076 0.9960 0.0001
  78 2.0 2.5   122915   122617 0.9976 0.0001
  78 2.5 3.0    72054    71844 0.9971 0.0002
  78 3.0 3.5    50275    50163 0.9978 0.0002
  78 3.5 4.0    33743    33678 0.9981 0.0002
  79 0.0 0.1     1219     1215 0.9967 0.0016
  79 0.1 0.3    14934    14852 0.9945 0.0006
  79 0.3 0.5    51445    51099 0.9933 0.0004
  79 0.5 0.7    94827    94218 0.9936 0.0003
  79 0.7 0.9   121906   121152 0.9938 0.0002
  79 0.9 1.1   127242   126553 0.9946 0.0002
  79 1.1 1.3   119044   118522 0.9956 0.0002
  79 1.3 1.5   103440   103081 0.9965 0.0002
  79 1.5 2.0   193616   192974 0.9967 0.0001
  79 2.0 2.5   122822   122617 0.9983 0.0001
  79 2.5 3.0    72299    72141 0.9978 0.0002
  79 3.0 3.5    50340    50197 0.9972 0.0002
  79 3.5 4.0    33799    33747 0.9985 0.0002
  80 0.0 0.1     1211     1203 0.9934 0.0023
  80 0.1 0.3    14962    14831 0.9912 0.0008
  80 0.3 0.5    51184    50785 0.9922 0.0004
  80 0.5 0.7    94503    93805 0.9926 0.0003
  80 0.7 0.9   121544   120692 0.9930 0.0002
  80 0.9 1.1   127225   126437 0.9938 0.0002
  80 1.1 1.3   119397   118751 0.9946 0.0002
  80 1.3 1.5   103916   103435 0.9954 0.0002
  80 1.5 2.0   194348   193574 0.9960 0.0001
  80 2.0 2.5   123381   123061 0.9974 0.0001
  80 2.5 3.0    72371    72160 0.9971 0.0002
  80 3.0 3.5    50078    49942 0.9973 0.0002
  80 3.5 4.0    33707    33639 0.9980 0.0002
  81 0.0 0.1     1210     1194 0.9868 0.0033
  81 0.1 0.3    14836    14714 0.9918 0.0007
  81 0.3 0.5    50643    50225 0.9917 0.0004
  81 0.5 0.7    93570    92789 0.9917 0.0003
  81 0.7 0.9   120200   119190 0.9916 0.0003
  81 0.9 1.1   125778   124851 0.9926 0.0002
  81 1.1 1.3   117891   117119 0.9935 0.0002
  81 1.3 1.5   102711   102078 0.9938 0.0002
  81 1.5 2.0   192222   191155 0.9944 0.0002
  81 2.0 2.5   122225   121707 0.9958 0.0002
  81 2.5 3.0    71873    71588 0.9960 0.0002
  81 3.0 3.5    49870    49666 0.9959 0.0003
  81 3.5 4.0    33619    33520 0.9971 0.0003
  82 0.0 0.1     1235     1195 0.9676 0.0050
  82 0.1 0.3    14980    14706 0.9817 0.0011
  82 0.3 0.5    51299    50204 0.9787 0.0006
  82 0.5 0.7    94662    92601 0.9782 0.0005
  82 0.7 0.9   121723   118987 0.9775 0.0004
  82 0.9 1.1   127231   124776 0.9807 0.0004
  82 1.1 1.3   118862   117031 0.9846 0.0004
  82 1.3 1.5   103344   102101 0.9880 0.0003
  82 1.5 2.0   193537   191399 0.9890 0.0002
  82 2.0 2.5   122617   121818 0.9935 0.0002
  82 2.5 3.0    71905    71535 0.9949 0.0003
  82 3.0 3.5    49972    49549 0.9915 0.0004
  82 3.5 4.0    33660    33449 0.9937 0.0004
  83 0.0 0.1     1190     1167 0.9807 0.0040
  83 0.1 0.3    14705    14459 0.9833 0.0010
  83 0.3 0.5    50345    49332 0.9799 0.0006
  83 0.5 0.7    92589    90908 0.9818 0.0004
  83 0.7 0.9   119004   116871 0.9821 0.0004
  83 0.9 1.1   124671   122721 0.9844 0.0003
  83 1.1 1.3   116919   115510 0.9879 0.0003
  83 1.3 1.5   102056   101038 0.9900 0.0003
  83 1.5 2.0   191489   189873 0.9916 0.0002
  83 2.0 2.5   122266   121618 0.9947 0.0002
  83 2.5 3.0    71470    71071 0.9944 0.0003
  83 3.0 3.5    49535    49134 0.9919 0.0004
  83 3.5 4.0    33692    33519 0.9949 0.0004
  84 0.0 0.1     1155     1146 0.9922 0.0026
  84 0.1 0.3    14513    14391 0.9916 0.0008
  84 0.3 0.5    49098    48538 0.9886 0.0005
  84 0.5 0.7    90454    89443 0.9888 0.0003
  84 0.7 0.9   116713   115383 0.9886 0.0003
  84 0.9 1.1   122516   121315 0.9902 0.0003
  84 1.1 1.3   115446   114569 0.9924 0.0003
  84 1.3 1.5   101028   100321 0.9930 0.0003
  84 1.5 2.0   189704   188478 0.9935 0.0002
  84 2.0 2.5   121384   120911 0.9961 0.0002
  84 2.5 3.0    70619    70172 0.9937 0.0003
  84 3.0 3.5    48689    48406 0.9942 0.0003
  84 3.5 4.0    33212    33107 0.9968 0.0003
  85 0.0 0.1     1152     1141 0.9905 0.0029
  85 0.1 0.3    14466    14329 0.9905 0.0008
  85 0.3 0.5    48603    48124 0.9901 0.0004
  85 0.5 0.7    89299    88442 0.9904 0.0003
  85 0.7 0.9   114941   113881 0.9908 0.0003
  85 0.9 1.1   120721   119754 0.9920 0.0003
  85 1.1 1.3   114206   113489 0.9937 0.0002
  85 1.3 1.5   100331    99787 0.9946 0.0002
  85 1.5 2.0   188353   187388 0.9949 0.0002
  85 2.0 2.5   121252   120878 0.9969 0.0002
  85 2.5 3.0    70082    69790 0.9958 0.0002
  85 3.0 3.5    48170    47960 0.9956 0.0003
  85 3.5 4.0    32983    32898 0.9974 0.0003
  86 0.0 0.1     1194     1160 0.9715 0.0047
  86 0.1 0.3    14859    14453 0.9727 0.0013
  86 0.3 0.5    50060    48546 0.9698 0.0008
  86 0.5 0.7    91952    89092 0.9689 0.0006
  86 0.7 0.9   118492   114885 0.9696 0.0005
  86 0.9 1.1   124202   120610 0.9711 0.0005
  86 1.1 1.3   117246   114318 0.9750 0.0004
  86 1.3 1.5   102633   100312 0.9774 0.0005
  86 1.5 2.0   192316   188053 0.9778 0.0003
  86 2.0 2.5   123148   121176 0.9840 0.0004
  86 2.5 3.0    70778    69212 0.9779 0.0005
  86 3.0 3.5    48775    47689 0.9777 0.0007
  86 3.5 4.0    33400    32934 0.9860 0.0006
  87 0.0 0.1     1201     1166 0.9709 0.0048
  87 0.1 0.3    14688    14470 0.9852 0.0010
  87 0.3 0.5    49929    48668 0.9747 0.0007
  87 0.5 0.7    91384    89140 0.9754 0.0005
  87 0.7 0.9   117676   114938 0.9767 0.0004
  87 0.9 1.1   123115   120516 0.9789 0.0004
  87 1.1 1.3   115769   113802 0.9830 0.0004
  87 1.3 1.5   101236    99808 0.9859 0.0004
  87 1.5 2.0   189894   187171 0.9857 0.0003
  87 2.0 2.5   121470   120415 0.9913 0.0003
  87 2.5 3.0    69795    68947 0.9879 0.0004
  87 3.0 3.5    48260    47571 0.9857 0.0005
  87 3.5 4.0    33122    32817 0.9908 0.0005
  88 0.0 0.1     1190     1169 0.9824 0.0038
  88 0.1 0.3    14724    14485 0.9838 0.0010
  88 0.3 0.5    50054    48908 0.9771 0.0007
  88 0.5 0.7    91878    89731 0.9766 0.0005
  88 0.7 0.9   118888   116010 0.9758 0.0004
  88 0.9 1.1   124422   121672 0.9779 0.0004
  88 1.1 1.3   116752   114629 0.9818 0.0004
  88 1.3 1.5   102247   100731 0.9852 0.0004
  88 1.5 2.0   191669   188900 0.9856 0.0003
  88 2.0 2.5   122255   121149 0.9910 0.0003
  88 2.5 3.0    70293    69305 0.9859 0.0004
  88 3.0 3.5    48415    47702 0.9853 0.0005
  88 3.5 4.0    33059    32758 0.9909 0.0005
  89 0.0 0.1     1203     1174 0.9759 0.0044
  89 0.1 0.3    14813    14570 0.9836 0.0010
  89 0.3 0.5    50052    49004 0.9791 0.0006
  89 0.5 0.7    91734    89700 0.9778 0.0005
  89 0.7 0.9   118345   115695 0.9776 0.0004
  89 0.9 1.1   123722   121266 0.9801 0.0004
  89 1.1 1.3   115896   114037 0.9840 0.0004
  89 1.3 1.5   101598   100244 0.9867 0.0004
  89 1.5 2.0   190791   188161 0.9862 0.0003
  89 2.0 2.5   121471   120515 0.9921 0.0003
  89 2.5 3.0    70140    69140 0.9857 0.0004
  89 3.0 3.5    48170    47455 0.9852 0.0005
  89 3.5 4.0    32861    32569 0.9911 0.0005
  90 0.0 0.1     1185     1174 0.9907 0.0028
  90 0.1 0.3    14793    14691 0.9931 0.0007
  90 0.3 0.5    49855    49517 0.9932 0.0004
  90 0.5 0.7    91283    90738 0.9940 0.0003
  90 0.7 0.9   117739   117049 0.9941 0.0002
  90 0.9 1.1   123374   122725 0.9947 0.0002
  90 1.1 1.3   116008   115523 0.9958 0.0002
  90 1.3 1.5   101922   101605 0.9969 0.0002
  90 1.5 2.0   191662   191182 0.9975 0.0001
  90 2.0 2.5   122219   122029 0.9984 0.0001
  90 2.5 3.0    70538    70424 0.9984 0.0002
  90 3.0 3.5    48299    48215 0.9983 0.0002
  90 3.5 4.0    32989    32953 0.9989 0.0002
  91 0.0 0.1     1215     1205 0.9918 0.0026
  91 0.1 0.3    14903    14808 0.9936 0.0006
  91 0.3 0.5    50814    50432 0.9925 0.0004
  91 0.5 0.7    92948    92346 0.9935 0.0003
  91 0.7 0.9   119620   118895 0.9939 0.0002
  91 0.9 1.1   124939   124305 0.9949 0.0002
  91 1.1 1.3   117003   116463 0.9954 0.0002
  91 1.3 1.5   102492   102110 0.9963 0.0002
  91 1.5 2.0   192927   192378 0.9972 0.0001
  91 2.0 2.5   122352   122101 0.9979 0.0001
  91 2.5 3.0    70836    70704 0.9981 0.0002
  91 3.0 3.5    48706    48615 0.9981 0.0002
  91 3.5 4.0    33038    32987 0.9985 0.0002
  92 0.0 0.1     1229     1221 0.9935 0.0023
  92 0.1 0.3    15068    14989 0.9948 0.0006
  92 0.3 0.5    51651    51372 0.9946 0.0003
  92 0.5 0.7    94635    94207 0.9955 0.0002
  92 0.7 0.9   122086   121520 0.9954 0.0002
  92 0.9 1.1   127437   126966 0.9963 0.0002
  92 1.1 1.3   118982   118602 0.9968 0.0002
  92 1.3 1.5   104006   103762 0.9977 0.0001
  92 1.5 2.0   196151   195750 0.9980 0.0001
  92 2.0 2.5   123651   123509 0.9989 0.0001
  92 2.5 3.0    71633    71528 0.9985 0.0001
  92 3.0 3.5    49255    49191 0.9987 0.0002
  92 3.5 4.0    33143    33105 0.9989 0.0002
  93 0.0 0.1     1266     1244 0.9826 0.0036
  93 0.1 0.3    15316    15133 0.9881 0.0009
  93 0.3 0.5    52762    52025 0.9860 0.0005
  93 0.5 0.7    96811    95506 0.9865 0.0004
  93 0.7 0.9   124514   122783 0.9861 0.0003
  93 0.9 1.1   129610   128005 0.9876 0.0003
  93 1.1 1.3   120478   119353 0.9907 0.0003
  93 1.3 1.5   104894   104115 0.9926 0.0003
  93 1.5 2.0   198391   196921 0.9926 0.0002
  93 2.0 2.5   124287   123688 0.9952 0.0002
  93 2.5 3.0    72695    72244 0.9938 0.0003
  93 3.0 3.5    50152    49817 0.9933 0.0004
  93 3.5 4.0    33487    33333 0.9954 0.0004
  94 0.0 0.1     1240     1237 0.9976 0.0014
  94 0.1 0.3    15132    15075 0.9962 0.0005
  94 0.3 0.5    52150    51963 0.9964 0.0003
  94 0.5 0.7    95915    95519 0.9959 0.0002
  94 0.7 0.9   123323   122834 0.9960 0.0002
  94 0.9 1.1   128701   128275 0.9967 0.0002
  94 1.1 1.3   119938   119599 0.9972 0.0002
  94 1.3 1.5   104732   104454 0.9973 0.0002
  94 1.5 2.0   198079   197700 0.9981 0.0001
  94 2.0 2.5   124447   124267 0.9986 0.0001
  94 2.5 3.0    72497    72350 0.9980 0.0002
  94 3.0 3.5    49827    49747 0.9984 0.0002
  94 3.5 4.0    33306    33272 0.9990 0.0002
  95 0.0 0.1     1255     1245 0.9920 0.0025
  95 0.1 0.3    15101    15008 0.9938 0.0006
  95 0.3 0.5    51763    51465 0.9942 0.0003
  95 0.5 0.7    95038    94495 0.9943 0.0002
  95 0.7 0.9   121672   120915 0.9938 0.0002
  95 0.9 1.1   127133   126479 0.9949 0.0002
  95 1.1 1.3   118842   118323 0.9956 0.0002
  95 1.3 1.5   104080   103690 0.9963 0.0002
  95 1.5 2.0   197448   196833 0.9969 0.0001
  95 2.0 2.5   123782   123559 0.9982 0.0001
  95 2.5 3.0    72005    71824 0.9975 0.0002
  95 3.0 3.5    49408    49297 0.9978 0.0002
  95 3.5 4.0    33033    32977 0.9983 0.0002
  96 0.0 0.1     1251     1242 0.9928 0.0024
  96 0.1 0.3    15136    15000 0.9910 0.0008
  96 0.3 0.5    51885    51455 0.9917 0.0004
  96 0.5 0.7    95184    94542 0.9933 0.0003
  96 0.7 0.9   122088   121195 0.9927 0.0002
  96 0.9 1.1   127736   126995 0.9942 0.0002
  96 1.1 1.3   119686   119073 0.9949 0.0002
  96 1.3 1.5   104781   104302 0.9954 0.0002
  96 1.5 2.0   199423   198721 0.9965 0.0001
  96 2.0 2.5   124965   124650 0.9975 0.0001
  96 2.5 3.0    72244    72031 0.9971 0.0002
  96 3.0 3.5    49622    49505 0.9976 0.0002
  96 3.5 4.0    33131    33069 0.9981 0.0002
  97 0.0 0.1     1251     1239 0.9904 0.0027
  97 0.1 0.3    15029    14909 0.9920 0.0007
  97 0.3 0.5    51976    51649 0.9937 0.0003
  97 0.5 0.7    95549    94978 0.9940 0.0002
  97 0.7 0.9   122580   121797 0.9936 0.0002
  97 0.9 1.1   128363   127648 0.9944 0.0002
  97 1.1 1.3   120035   119474 0.9953 0.0002
  97 1.3 1.5   104936   104540 0.9962 0.0002
  97 1.5 2.0   200125   199466 0.9967 0.0001
  97 2.0 2.5   125426   125147 0.9978 0.0001
  97 2.5 3.0    72915    72713 0.9972 0.0002
  97 3.0 3.5    50164    50033 0.9974 0.0002
  97 3.5 4.0    33343    33292 0.9985 0.0002
  98 0.0 0.1     1239     1230 0.9927 0.0024
  98 0.1 0.3    15039    14836 0.9865 0.0009
  98 0.3 0.5    52336    51330 0.9808 0.0006
  98 0.5 0.7    96328    94441 0.9804 0.0004
  98 0.7 0.9   123979   121052 0.9764 0.0004
  98 0.9 1.1   129713   127067 0.9796 0.0004
  98 1.1 1.3   121243   119236 0.9834 0.0004
  98 1.3 1.5   105893   104544 0.9873 0.0003
  98 1.5 2.0   201364   199699 0.9917 0.0002
  98 2.0 2.5   126198   125290 0.9928 0.0002
  98 2.5 3.0    72871    72427 0.9939 0.0003
  98 3.0 3.5    49829    49616 0.9957 0.0003
  98 3.5 4.0    33256    33154 0.9969 0.0003
  99 0.0 0.1     1240     1229 0.9911 0.0027
  99 0.1 0.3    14950    14837 0.9924 0.0007
  99 0.3 0.5    51775    51346 0.9917 0.0004
  99 0.5 0.7    95356    94571 0.9918 0.0003
  99 0.7 0.9   122434   121446 0.9919 0.0003
  99 0.9 1.1   128361   127494 0.9932 0.0002
  99 1.1 1.3   120464   119806 0.9945 0.0002
  99 1.3 1.5   105715   105126 0.9944 0.0002
  99 1.5 2.0   201645   200795 0.9958 0.0001
  99 2.0 2.5   126513   126093 0.9967 0.0002
  99 2.5 3.0    73700    73247 0.9939 0.0003
  99 3.0 3.5    50387    50168 0.9957 0.0003
  99 3.5 4.0    33600    33505 0.9972 0.0003
 100 0.0 0.1     1237     1217 0.9838 0.0036
 100 0.1 0.3    15005    14757 0.9835 0.0010
 100 0.3 0.5    51506    51043 0.9910 0.0004
 100 0.5 0.7    94612    93882 0.9923 0.0003
 100 0.7 0.9   121578   120726 0.9930 0.0002
 100 0.9 1.1   127624   126856 0.9940 0.0002
 100 1.1 1.3   120178   119584 0.9951 0.0002
 100 1.3 1.5   105459   105010 0.9957 0.0002
 100 1.5 2.0   201194   200529 0.9967 0.0001
 100 2.0 2.5   126269   125993 0.9978 0.0001
 100 2.5 3.0    73060    72799 0.9964 0.0002
 100 3.0 3.5    49846    49691 0.9969 0.0002
 100 3.5 4.0    33198    33147 0.9985 0.0002
 101 0.0 0.1     1230     1220 0.9919 0.0026
 101 0.1 0.3    14885    14738 0.9901 0.0008
 101 0.3 0.5    51326    50769 0.9891 0.0005
 101 0.5 0.7    94234    93379 0.9909 0.0003
 101 0.7 0.9   121328   120082 0.9897 0.0003
 101 0.9 1.1   127419   126413 0.9921 0.0002
 101 1.1 1.3   119975   119243 0.9939 0.0002
 101 1.3 1.5   105327   104796 0.9950 0.0002
 101 1.5 2.0   201649   200826 0.9959 0.0001
 101 2.0 2.5   127115   126747 0.9971 0.0002
 101 2.5 3.0    73822    73563 0.9965 0.0002
 101 3.0 3.5    50482    50276 0.9959 0.0003
 101 3.5 4.0    33464    33387 0.9977 0.0003
 102 0.0 0.1     1241     1226 0.9879 0.0031
 102 0.1 0.3    14979    14840 0.9907 0.0008
 102 0.3 0.5    51996    51502 0.9905 0.0004
 102 0.5 0.7    95880    94991 0.9907 0.0003
 102 0.7 0.9   123861   122712 0.9907 0.0003
 102 0.9 1.1   130324   129230 0.9916 0.0003
 102 1.1 1.3   122431   121616 0.9933 0.0002
 102 1.3 1.5   107470   106864 0.9944 0.0002
 102 1.5 2.0   205112   204146 0.9953 0.0002
 102 2.0 2.5   129253   128858 0.9969 0.0002
 102 2.5 3.0    74887    74498 0.9948 0.0003
 102 3.0 3.5    50970    50737 0.9954 0.0003
 102 3.5 4.0    33731    33643 0.9974 0.0003
 103 0.0 0.1     1253     1230 0.9816 0.0038
 103 0.1 0.3    15066    14839 0.9849 0.0010
 103 0.3 0.5    52242    51417 0.9842 0.0005
 103 0.5 0.7    96283    94883 0.9855 0.0004
 103 0.7 0.9   124484   122583 0.9847 0.0003
 103 0.9 1.1   130873   129080 0.9863 0.0003
 103 1.1 1.3   122886   121583 0.9894 0.0003
 103 1.3 1.5   108166   107093 0.9901 0.0003
 103 1.5 2.0   206234   204489 0.9915 0.0002
 103 2.0 2.5   130078   129313 0.9941 0.0002
 103 2.5 3.0    76174    75511 0.9913 0.0003
 103 3.0 3.5    51573    51193 0.9926 0.0004
 103 3.5 4.0    33997    33830 0.9951 0.0004
 104 0.0 0.1     1251     1247 0.9968 0.0016
 104 0.1 0.3    15092    14976 0.9923 0.0007
 104 0.3 0.5    51809    51345 0.9910 0.0004
 104 0.5 0.7    95331    94563 0.9919 0.0003
 104 0.7 0.9   122582   121613 0.9921 0.0003
 104 0.9 1.1   129047   128243 0.9938 0.0002
 104 1.1 1.3   121679   121079 0.9951 0.0002
 104 1.3 1.5   107404   106927 0.9956 0.0002
 104 1.5 2.0   205424   204715 0.9965 0.0001
 104 2.0 2.5   129796   129510 0.9978 0.0001
 104 2.5 3.0    75719    75532 0.9975 0.0002
 104 3.0 3.5    51273    51145 0.9975 0.0002
 104 3.5 4.0    33822    33777 0.9987 0.0002
 105 0.0 0.1     1267     1258 0.9929 0.0024
 105 0.1 0.3    15267    15129 0.9910 0.0008
 105 0.3 0.5    52379    51922 0.9913 0.0004
 105 0.5 0.7    96355    95589 0.9921 0.0003
 105 0.7 0.9   124085   123131 0.9923 0.0002
 105 0.9 1.1   130834   129861 0.9926 0.0002
 105 1.1 1.3   123509   122761 0.9939 0.0002
 105 1.3 1.5   109022   108503 0.9952 0.0002
 105 1.5 2.0   208681   207853 0.9960 0.0001
 105 2.0 2.5   132022   131703 0.9976 0.0001
 105 2.5 3.0    77169    76973 0.9975 0.0002
 105 3.0 3.5    52153    52028 0.9976 0.0002
 105 3.5 4.0    34303    34235 0.9980 0.0002
 106 0.0 0.1     1262     1255 0.9945 0.0021
 106 0.1 0.3    15064    14957 0.9929 0.0007
 106 0.3 0.5    51578    51145 0.9916 0.0004
 106 0.5 0.7    95004    94248 0.9920 0.0003
 106 0.7 0.9   122101   121110 0.9919 0.0003
 106 0.9 1.1   128803   127879 0.9928 0.0002
 106 1.1 1.3   121933   121254 0.9944 0.0002
 106 1.3 1.5   107845   107344 0.9954 0.0002
 106 1.5 2.0   207111   206353 0.9963 0.0001
 106 2.0 2.5   131105   130798 0.9977 0.0001
 106 2.5 3.0    76912    76758 0.9980 0.0002
 106 3.0 3.5    52024    51893 0.9975 0.0002
 106 3.5 4.0    34095    34038 0.9983 0.0002
 107 0.0 0.1     1277     1269 0.9937 0.0022
 107 0.1 0.3    15259    15111 0.9903 0.0008
 107 0.3 0.5    52243    51573 0.9872 0.0005
 107 0.5 0.7    95986    94678 0.9864 0.0004
 107 0.7 0.9   123380   121398 0.9839 0.0004
 107 0.9 1.1   129827   128013 0.9860 0.0003
 107 1.1 1.3   122623   121276 0.9890 0.0003
 107 1.3 1.5   108438   107503 0.9914 0.0003
 107 1.5 2.0   208180   206942 0.9941 0.0002
 107 2.0 2.5   131506   130894 0.9953 0.0002
 107 2.5 3.0    77422    77036 0.9950 0.0003
 107 3.0 3.5    52334    52147 0.9964 0.0003
 107 3.5 4.0    34154    34045 0.9968 0.0003
 108 0.0 0.1     1267     1259 0.9937 0.0022
 108 0.1 0.3    15075    14973 0.9932 0.0007
 108 0.3 0.5    51396    51040 0.9931 0.0004
 108 0.5 0.7    94396    93812 0.9938 0.0003
 108 0.7 0.9   121142   120340 0.9934 0.0002
 108 0.9 1.1   127887   127161 0.9943 0.0002
 108 1.1 1.3   121564   121021 0.9955 0.0002
 108 1.3 1.5   108054   107644 0.9962 0.0002
 108 1.5 2.0   208905   208198 0.9966 0.0001
 108 2.0 2.5   132423   132142 0.9979 0.0001
 108 2.5 3.0    78070    77869 0.9974 0.0002
 108 3.0 3.5    52800    52670 0.9975 0.0002
 108 3.5 4.0    34421    34369 0.9985 0.0002
 109 0.0 0.1     1274     1267 0.9945 0.0021
 109 0.1 0.3    15239    15084 0.9898 0.0008
 109 0.3 0.5    51761    51052 0.9863 0.0005
 109 0.5 0.7    94925    93651 0.9866 0.0004
 109 0.7 0.9   121568   119770 0.9852 0.0003
 109 0.9 1.1   128415   126708 0.9867 0.0003
 109 1.1 1.3   121919   120703 0.9900 0.0003
 109 1.3 1.5   108542   107707 0.9923 0.0003
 109 1.5 2.0   209582   208703 0.9958 0.0001
 109 2.0 2.5   133044   132675 0.9972 0.0001
 109 2.5 3.0    78435    78190 0.9969 0.0002
 109 3.0 3.5    53038    52933 0.9980 0.0002
 109 3.5 4.0    34496    34447 0.9986 0.0002
 110 0.0 0.1     1275     1263 0.9906 0.0027
 110 0.1 0.3    14984    14861 0.9918 0.0007
 110 0.3 0.5    50691    50183 0.9900 0.0004
 110 0.5 0.7    93178    92148 0.9889 0.0003
 110 0.7 0.9   119291   117791 0.9874 0.0003
 110 0.9 1.1   126419   124957 0.9884 0.0003
 110 1.1 1.3   120433   119378 0.9912 0.0003
 110 1.3 1.5   107806   107092 0.9934 0.0002
 110 1.5 2.0   209260   208433 0.9960 0.0001
 110 2.0 2.5   133294   132882 0.9969 0.0002
 110 2.5 3.0    78428    78196 0.9970 0.0002
 110 3.0 3.5    53082    52993 0.9983 0.0002
 110 3.5 4.0    34564    34527 0.9989 0.0002
 111 0.0 0.1     1266     1256 0.9921 0.0025
 111 0.1 0.3    15008    14869 0.9907 0.0008
 111 0.3 0.5    50655    49958 0.9862 0.0005
 111 0.5 0.7    93267    91905 0.9854 0.0004
 111 0.7 0.9   119379   117365 0.9831 0.0004
 111 0.9 1.1   126772   124806 0.9845 0.0003
 111 1.1 1.3   121084   119662 0.9883 0.0003
 111 1.3 1.5   108666   107660 0.9907 0.0003
 111 1.5 2.0   211421   210124 0.9939 0.0002
 111 2.0 2.5   134965   134427 0.9960 0.0002
 111 2.5 3.0    79885    79586 0.9963 0.0002
 111 3.0 3.5    53989    53846 0.9974 0.0002
 111 3.5 4.0    35069    35014 0.9984 0.0002
 112 0.0 0.1     1236     1230 0.9951 0.0020
 112 0.1 0.3    14725    14552 0.9883 0.0009
 112 0.3 0.5    48283    47583 0.9855 0.0005
 112 0.5 0.7    89893    88543 0.9850 0.0004
 112 0.7 0.9   114598   112666 0.9831 0.0004
 112 0.9 1.1   122143   120370 0.9855 0.0003
 112 1.1 1.3   117650   116185 0.9875 0.0003
 112 1.3 1.5   106319   105304 0.9905 0.0003
 112 1.5 2.0   209599   208134 0.9930 0.0002
 112 2.0 2.5   134859   134145 0.9947 0.0002
 112 2.5 3.0    79587    79181 0.9949 0.0003
 112 3.0 3.5    53902    53655 0.9954 0.0003
 112 3.5 4.0    35124    35001 0.9965 0.0003
 113 0.0 0.1     1210     1205 0.9959 0.0018
 113 0.1 0.3    14445    14291 0.9893 0.0008
 113 0.3 0.5    48111    47318 0.9835 0.0006
 113 0.5 0.7    89752    88257 0.9833 0.0004
 113 0.7 0.9   114731   112496 0.9805 0.0004
 113 0.9 1.1   122388   120256 0.9826 0.0004
 113 1.1 1.3   117639   115943 0.9856 0.0003
 113 1.3 1.5   106228   105024 0.9887 0.0003
 113 1.5 2.0   208657   207264 0.9933 0.0002
 113 2.0 2.5   134281   133761 0.9961 0.0002
 113 2.5 3.0    79574    79249 0.9959 0.0002
 113 3.0 3.5    54025    53883 0.9974 0.0002
 113 3.5 4.0    35286    35221 0.9982 0.0002
 114 0.0 0.1     1224     1207 0.9861 0.0033
 114 0.1 0.3    14537    14342 0.9866 0.0009
 114 0.3 0.5    48408    47497 0.9812 0.0006
 114 0.5 0.7    90704    88945 0.9806 0.0005
 114 0.7 0.9   116217   113622 0.9777 0.0004
 114 0.9 1.1   124177   121700 0.9801 0.0004
 114 1.1 1.3   119297   117431 0.9844 0.0004
 114 1.3 1.5   107670   106385 0.9881 0.0003
 114 1.5 2.0   211542   210066 0.9930 0.0002
 114 2.0 2.5   136799   136159 0.9953 0.0002
 114 2.5 3.0    80864    80459 0.9950 0.0002
 114 3.0 3.5    54705    54550 0.9972 0.0002
 114 3.5 4.0    35691    35625 0.9982 0.0002
 115 0.0 0.1     1237     1208 0.9766 0.0043
 115 0.1 0.3    14668    14292 0.9744 0.0013
 115 0.3 0.5    49989    47417 0.9485 0.0010
 115 0.5 0.7    92994    88965 0.9567 0.0007
 115 0.7 0.9   119559   113869 0.9524 0.0006
 115 0.9 1.1   127548   122014 0.9566 0.0006
 115 1.1 1.3   122156   117673 0.9633 0.0005
 115 1.3 1.5   109761   106625 0.9714 0.0005
 115 1.5 2.0   213938   210398 0.9835 0.0003
 115 2.0 2.5   137477   136435 0.9924 0.0002
 115 2.5 3.0    81580    80987 0.9927 0.0003
 115 3.0 3.5    55287    55016 0.9951 0.0003
 115 3.5 4.0    36086    35994 0.9975 0.0003
 116 0.0 0.1     1203     1190 0.9892 0.0030
 116 0.1 0.3    14511    14232 0.9808 0.0011
 116 0.3 0.5    47899    47286 0.9872 0.0005
 116 0.5 0.7    89974    89036 0.9896 0.0003
 116 0.7 0.9   115456   114241 0.9895 0.0003
 116 0.9 1.1   123650   122602 0.9915 0.0003
 116 1.1 1.3   119395   118559 0.9930 0.0002
 116 1.3 1.5   108243   107513 0.9933 0.0002
 116 1.5 2.0   213850   212734 0.9948 0.0002
 116 2.0 2.5   138936   138381 0.9960 0.0002
 116 2.5 3.0    82883    82365 0.9938 0.0003
 116 3.0 3.5    56172    55922 0.9955 0.0003
 116 3.5 4.0    36641    36559 0.9978 0.0002
 117 0.0 0.1     1211     1190 0.9827 0.0037
 117 0.1 0.3    14484    14283 0.9861 0.0010
 117 0.3 0.5    48122    47516 0.9874 0.0005
 117 0.5 0.7    90513    89584 0.9897 0.0003
 117 0.7 0.9   116440   115232 0.9896 0.0003
 117 0.9 1.1   124647   123631 0.9918 0.0003
 117 1.1 1.3   120208   119429 0.9935 0.0002
 117 1.3 1.5   108935   108338 0.9945 0.0002
 117 1.5 2.0   215142   214157 0.9954 0.0001
 117 2.0 2.5   139451   139073 0.9973 0.0001
 117 2.5 3.0    83635    83363 0.9967 0.0002
 117 3.0 3.5    56909    56692 0.9962 0.0003
 117 3.5 4.0    37179    37093 0.9977 0.0002
 118 0.0 0.1     1215     1208 0.9942 0.0022
 118 0.1 0.3    14595    14462 0.9909 0.0008
 118 0.3 0.5    48821    48234 0.9880 0.0005
 118 0.5 0.7    92107    91138 0.9895 0.0003
 118 0.7 0.9   119045   117684 0.9886 0.0003
 118 0.9 1.1   127916   126587 0.9896 0.0003
 118 1.1 1.3   123342   122328 0.9918 0.0003
 118 1.3 1.5   111612   110917 0.9938 0.0002
 118 1.5 2.0   220281   219256 0.9953 0.0001
 118 2.0 2.5   142632   142145 0.9966 0.0002
 118 2.5 3.0    85317    85064 0.9970 0.0002
 118 3.0 3.5    57700    57567 0.9977 0.0002
 118 3.5 4.0    37637    37573 0.9983 0.0002
 119 0.0 0.1     1237     1225 0.9903 0.0028
 119 0.1 0.3    14743    14613 0.9912 0.0008
 119 0.3 0.5    50397    49741 0.9870 0.0005
 119 0.5 0.7    94098    93067 0.9890 0.0003
 119 0.7 0.9   121929   120442 0.9878 0.0003
 119 0.9 1.1   130729   129258 0.9887 0.0003
 119 1.1 1.3   125645   124583 0.9915 0.0003
 119 1.3 1.5   113243   112527 0.9937 0.0002
 119 1.5 2.0   222095   221217 0.9960 0.0001
 119 2.0 2.5   143315   142941 0.9974 0.0001
 119 2.5 3.0    86631    86425 0.9976 0.0002
 119 3.0 3.5    58716    58615 0.9983 0.0002
 119 3.5 4.0    38198    38154 0.9988 0.0002
 120 0.0 0.1     1218     1211 0.9943 0.0022
 120 0.1 0.3    14715    14600 0.9922 0.0007
 120 0.3 0.5    50117    49605 0.9898 0.0004
 120 0.5 0.7    93802    92836 0.9897 0.0003
 120 0.7 0.9   121587   120292 0.9893 0.0003
 120 0.9 1.1   130497   129260 0.9905 0.0003
 120 1.1 1.3   125668   124680 0.9921 0.0002
 120 1.3 1.5   113414   112770 0.9943 0.0002
 120 1.5 2.0   223029   222171 0.9962 0.0001
 120 2.0 2.5   144046   143578 0.9968 0.0001
 120 2.5 3.0    87043    86821 0.9974 0.0002
 120 3.0 3.5    58935    58831 0.9982 0.0002
 120 3.5 4.0    38399    38329 0.9982 0.0002
 121 0.0 0.1     1255     1249 0.9952 0.0019
 121 0.1 0.3    15091    14985 0.9930 0.0007
 121 0.3 0.5    51152    50598 0.9892 0.0005
 121 0.5 0.7    95346    94439 0.9905 0.0003
 121 0.7 0.9   123604   122282 0.9893 0.0003
 121 0.9 1.1   132410   131248 0.9912 0.0003
 121 1.1 1.3   127509   126610 0.9929 0.0002
 121 1.3 1.5   114886   114310 0.9950 0.0002
 121 1.5 2.0   226379   225648 0.9968 0.0001
 121 2.0 2.5   146287   145966 0.9978 0.0001
 121 2.5 3.0    88125    87932 0.9978 0.0002
 121 3.0 3.5    59771    59686 0.9986 0.0002
 121 3.5 4.0    38934    38887 0.9988 0.0002
 122 0.0 0.1     1225     1216 0.9927 0.0024
 122 0.1 0.3    14824    14620 0.9862 0.0010
 122 0.3 0.5    50206    49197 0.9799 0.0006
 122 0.5 0.7    93740    91862 0.9800 0.0005
 122 0.7 0.9   121691   118930 0.9773 0.0004
 122 0.9 1.1   130931   128166 0.9789 0.0004
 122 1.1 1.3   126533   124394 0.9831 0.0004
 122 1.3 1.5   114422   112915 0.9868 0.0003
 122 1.5 2.0   225981   224240 0.9923 0.0002
 122 2.0 2.5   146537   145750 0.9946 0.0002
 122 2.5 3.0    88559    88138 0.9952 0.0002
 122 3.0 3.5    60198    60025 0.9971 0.0002
 122 3.5 4.0    39302    39231 0.9982 0.0002
 123 0.0 0.1     1235     1221 0.9887 0.0030
 123 0.1 0.3    14766    14617 0.9899 0.0008
 123 0.3 0.5    49675    49281 0.9921 0.0004
 123 0.5 0.7    92370    91758 0.9934 0.0003
 123 0.7 0.9   119563   118772 0.9934 0.0002
 123 0.9 1.1   128586   127841 0.9942 0.0002
 123 1.1 1.3   124433   123785 0.9948 0.0002
 123 1.3 1.5   112606   112031 0.9949 0.0002
 123 1.5 2.0   222266   221526 0.9967 0.0001
 123 2.0 2.5   143685   143261 0.9970 0.0001
 123 2.5 3.0    86113    85679 0.9950 0.0002
 123 3.0 3.5    57920    57763 0.9973 0.0002
 123 3.5 4.0    37489    37427 0.9983 0.0002
 124 0.0 0.1     1247     1229 0.9856 0.0034
 124 0.1 0.3    14846    14659 0.9874 0.0009
 124 0.3 0.5    50165    49422 0.9852 0.0005
 124 0.5 0.7    93434    92099 0.9857 0.0004
 124 0.7 0.9   121061   119358 0.9859 0.0003
 124 0.9 1.1   130198   128542 0.9873 0.0003
 124 1.1 1.3   125948   124596 0.9893 0.0003
 124 1.3 1.5   113706   112491 0.9893 0.0003
 124 1.5 2.0   222916   220950 0.9912 0.0002
 124 2.0 2.5   142580   141750 0.9942 0.0002
 124 2.5 3.0    85155    84177 0.9885 0.0004
 124 3.0 3.5    57204    56681 0.9909 0.0004
 124 3.5 4.0    36899    36716 0.9950 0.0004
 125 0.0 0.1     1232     1222 0.9919 0.0025
 125 0.1 0.3    14770    14516 0.9828 0.0011
 125 0.3 0.5    50746    49456 0.9746 0.0007
 125 0.5 0.7    94540    92214 0.9754 0.0005
 125 0.7 0.9   123062   119521 0.9712 0.0005
 125 0.9 1.1   131943   128440 0.9735 0.0004
 125 1.1 1.3   126861   124132 0.9785 0.0004
 125 1.3 1.5   113399   111546 0.9837 0.0004
 125 1.5 2.0   220190   217847 0.9894 0.0002
 125 2.0 2.5   139799   138774 0.9927 0.0002
 125 2.5 3.0    82048    81477 0.9930 0.0003
 125 3.0 3.5    54639    54366 0.9950 0.0003
 125 3.5 4.0    34962    34834 0.9963 0.0003
 126 0.0 0.1     1208     1201 0.9942 0.0022
 126 0.1 0.3    14672    14499 0.9882 0.0009
 126 0.3 0.5    50198    49541 0.9869 0.0005
 126 0.5 0.7    93475    92324 0.9877 0.0004
 126 0.7 0.9   121353   119975 0.9886 0.0003
 126 0.9 1.1   130088   128785 0.9900 0.0003
 126 1.1 1.3   124951   123973 0.9922 0.0002
 126 1.3 1.5   111615   110870 0.9933 0.0002
 126 1.5 2.0   216107   214867 0.9943 0.0002
 126 2.0 2.5   137181   136755 0.9969 0.0001
 126 2.5 3.0    80490    80112 0.9953 0.0002
 126 3.0 3.5    53676    53402 0.9949 0.0003
 126 3.5 4.0    34284    34198 0.9975 0.0003
 127 0.0 0.1     1200     1187 0.9892 0.0030
 127 0.1 0.3    14591    14402 0.9870 0.0009
 127 0.3 0.5    49360    48658 0.9858 0.0005
 127 0.5 0.7    91715    90481 0.9865 0.0004
 127 0.7 0.9   118751   117176 0.9867 0.0003
 127 0.9 1.1   127230   125755 0.9884 0.0003
 127 1.1 1.3   122356   121259 0.9910 0.0003
 127 1.3 1.5   109282   108418 0.9921 0.0003
 127 1.5 2.0   210602   209172 0.9932 0.0002
 127 2.0 2.5   133560   133003 0.9958 0.0002
 127 2.5 3.0    77740    77313 0.9945 0.0003
 127 3.0 3.5    51090    50781 0.9940 0.0003
 127 3.5 4.0    32223    32109 0.9965 0.0003
 128 0.0 0.1     1206     1188 0.9851 0.0035
 128 0.1 0.3    14669    14390 0.9810 0.0011
 128 0.3 0.5    49187    48607 0.9882 0.0005
 128 0.5 0.7    91520    90644 0.9904 0.0003
 128 0.7 0.9   118351   117197 0.9902 0.0003
 128 0.9 1.1   126475   125377 0.9913 0.0003
 128 1.1 1.3   121546   120595 0.9922 0.0003
 128 1.3 1.5   108604   107798 0.9926 0.0003
 128 1.5 2.0   208538   207331 0.9942 0.0002
 128 2.0 2.5   132016   131395 0.9953 0.0002
 128 2.5 3.0    77042    76526 0.9933 0.0003
 128 3.0 3.5    50378    50165 0.9958 0.0003
 128 3.5 4.0    31685    31612 0.9977 0.0003
 129 0.0 0.1     1209     1183 0.9785 0.0041
 129 0.1 0.3    14557    14393 0.9887 0.0009
 129 0.3 0.5    49550    48856 0.9860 0.0005
 129 0.5 0.7    92239    90966 0.9862 0.0004
 129 0.7 0.9   119483   117718 0.9852 0.0003
 129 0.9 1.1   127250   125692 0.9878 0.0003
 129 1.1 1.3   121577   120377 0.9901 0.0003
 129 1.3 1.5   108003   107067 0.9913 0.0003
 129 1.5 2.0   206199   204557 0.9920 0.0002
 129 2.0 2.5   129242   128683 0.9957 0.0002
 129 2.5 3.0    74859    74375 0.9935 0.0003
 129 3.0 3.5    48415    48084 0.9932 0.0004
 129 3.5 4.0    29944    29841 0.9966 0.0003
 130 0.0 0.1     1192     1175 0.9857 0.0034
 130 0.1 0.3    14733    14535 0.9866 0.0009
 130 0.3 0.5    50179    49270 0.9819 0.0006
 130 0.5 0.7    93350    91754 0.9829 0.0004
 130 0.7 0.9   120337   118171 0.9820 0.0004
 130 0.9 1.1   127810   125804 0.9843 0.0003
 130 1.1 1.3   121573   120091 0.9878 0.0003
 130 1.3 1.5   107643   106564 0.9900 0.0003
 130 1.5 2.0   204885   203055 0.9911 0.0002
 130 2.0 2.5   127679   127053 0.9951 0.0002
 130 2.5 3.0    73865    73347 0.9930 0.0003
 130 3.0 3.5    47871    47460 0.9914 0.0004
 130 3.5 4.0    29440    29307 0.9955 0.0004
 131 0.0 0.1     1230     1192 0.9691 0.0049
 131 0.1 0.3    14977    14689 0.9808 0.0011
 131 0.3 0.5    50937    49840 0.9785 0.0006
 131 0.5 0.7    94344    92623 0.9818 0.0004
 131 0.7 0.9   121130   118906 0.9816 0.0004
 131 0.9 1.1   128468   126460 0.9844 0.0003
 131 1.1 1.3   122165   120647 0.9876 0.0003
 131 1.3 1.5   108249   107049 0.9889 0.0003
 131 1.5 2.0   205855   203876 0.9904 0.0002
 131 2.0 2.5   128273   127466 0.9937 0.0002
 131 2.5 3.0    74193    73520 0.9909 0.0003
 131 3.0 3.5    47949    47508 0.9908 0.0004
 131 3.5 4.0    29510    29364 0.9951 0.0004
 132 0.0 0.1     1203     1197 0.9950 0.0020
 132 0.1 0.3    14917    14774 0.9904 0.0008
 132 0.3 0.5    50567    49937 0.9875 0.0005
 132 0.5 0.7    93528    92433 0.9883 0.0003
 132 0.7 0.9   119941   118277 0.9861 0.0003
 132 0.9 1.1   127017   125545 0.9884 0.0003
 132 1.1 1.3   120760   119556 0.9900 0.0003
 132 1.3 1.5   106827   106036 0.9926 0.0003
 132 1.5 2.0   202291   201264 0.9949 0.0002
 132 2.0 2.5   125950   125465 0.9961 0.0002
 132 2.5 3.0    72507    72201 0.9958 0.0002
 132 3.0 3.5    46568    46437 0.9972 0.0002
 132 3.5 4.0    28683    28613 0.9976 0.0003
 133 0.0 0.1     1236     1215 0.9830 0.0036
 133 0.1 0.3    15108    15011 0.9936 0.0006
 133 0.3 0.5    50889    50583 0.9940 0.0003
 133 0.5 0.7    93902    93431 0.9950 0.0002
 133 0.7 0.9   120042   119435 0.9949 0.0002
 133 0.9 1.1   127209   126672 0.9958 0.0002
 133 1.1 1.3   120991   120579 0.9966 0.0002
 133 1.3 1.5   107206   106797 0.9962 0.0002
 133 1.5 2.0   203212   202641 0.9972 0.0001
 133 2.0 2.5   126399   126166 0.9982 0.0001
 133 2.5 3.0    72661    72484 0.9976 0.0002
 133 3.0 3.5    46659    46528 0.9972 0.0002
 133 3.5 4.0    28695    28634 0.9979 0.0003
